1149
182
380
1044
356
114
557
696
808
209
1288
668
1139
680
1023
996
194
810
876
393
1101
545
1079
1127
89
804
62
334
738
898
1096
16
449
1286
1289
998
85
621
1090
888
475
1104
301
1140
2
248
158
564
1258
37
1217
737
24
787
921
651
317
255
435
627
1136
820
423
386
539
113
1215
481
1087
667
860
624
170
245
827
1113
1209
796
456
907
966
495
171
308
712
885
459
221
609
39
581
121
915
394
1310
713
553
967
944
1200
935
904
919
910
845
295
1089
642
613
131
326
975
401
205
509
498
333
678
42
1248
219
849
397
768
19
677
992
490
128
1131
762
82
1174
1067
757
1045
715
765
25
989
600
758
528
1176
530
383
705
615
418
503
969
379
1281
109
100
1114
1232
861
220
1019
598
899
381
826
850
319
958
1180
185
723
136
676
623
806
772
58
574
165
938
575
86
1320
523
1148
262
272
412
488
767
1205
224
626
1269
90
698
1275
551
979
270
487
936
739
636
1290
415
1084
283
1295
1319
638
823
1116
470
1106
21
310
1305
1040
771
854
729
1120
783
132
741
592
71
782
1193
486
1166
1162
554
354
818
330
752
240
505
946
774
544
761
1300
682
1053
928
172
244
258
45
1277
780
1029
537
1324
1115
945
795
87
1257
1272
1262
803
445
864
157
284
508
1182
79
959
914
303
618
1293
1082
134
278
492
1024
1130
428
260
1012
859
745
349
1296
802
161
878
953
453
254
1168
666
586
145
130
40
1252
1008
1188
631
46
764
233
223
807
865
743
1224
701
238
988
1058
403
984
1009
296
943
52
939
889
763
759
1159
1256
821
614
1025
97
1278
1298
887
1297
491
477
891
1035
211
1072
779
1098
756
1048
970
173
400
640
847
702
932
1003
805
187
813
307
93
909
1292
690
710
1099
542
11
1241
199
846
66
1147
92
740
797
978
1041
9
365
332
139
1037
1225
358
351
722
217
178
253
661
299
776
1240
1237
230
578
584
229
421
735
708
1143
963
829
606
784
504
760
377
499
620
78
249
832
870
917
716
1001
1181
515
1059
964
1280
56
1074
265
460
48
362
770
243
425
961
1302
1132
417
32
1233
630
625
1313
1146
302
828
1197
1210
214
1111
1253
1306
88
473
1047
149
749
1124
22
869
466
819
469
1276
1095
549
920
1033
186
874
751
632
862
995
1234
634
1255
372
952
711
839
1268
644
671
234
991
546
364
1221
360
785
1034
697
1163
594
529
404
912
662
472
291
175
1065
879
1216
388
1000
282
1
197
1092
342
999
596
328
478
367
163
619
497
387
893
183
908
1151
314
168
1038
63
384
385
890
1110
1103
256
1204
1051
548
552
350
559
1006
911
1134
27
587
1247
28
595
872
218
188
479
714
70
408
931
116
501
429
98
941
602
31
213
474
744
69
1242
974
540
430
324
215
1155
725
181
588
1265
565
4
264
742
196
533
95
232
1169
844
26
250
125
14
1042
657
216
601
550
7
1086
110
169
329
1322
897
373
901
520
927
156
685
1061
972
1085
1323
454
174
1150
192
195
1091
151
293
376
916
957
288
942
645
1055
736
617
396
292
558
863
867
686
50
527
68
276
960
633
41
567
378
580
1046
1133
1175
840
940
513
616
1186
955
754
190
896
422
570
120
148
1291
13
484
420
1315
924
1250
1108
679
512
1195
176
1016
674
688
1078
277
55
164
1062
1178
1093
203
531
1279
106
514
866
1317
848
652
830
775
431
721
1071
1201
1081
1060
968
789
465
947
268
1173
604
75
440
728
902
778
1222
543
10
122
1304
956
569
476
191
485
84
707
1119
434
949
1138
816
146
448
1172
1066
734
94
127
794
1026
817
886
577
73
493
290
193
976
1049
368
1308
1039
1246
987
525
399
154
635
339
1187
1064
831
1299
724
937
857
798
718
297
1171
135
455
275
535
361
359
123
1244
1005
1321
239
15
1160
446
184
855
1036
242
480
375
3
603
340
882
20
646
0
1316
53
57
279
649
1318
982
200
1102
392
451
1212
318
971
579
207
54
355
1189
179
341
1129
464
825
1191
345
726
225
35
1213
500
1142
877
656
227
1043
1194
1030
198
1161
836
18
405
468
269
462
815
321
76
467
1238
352
519
568
582
1137
591
894
933
1259
489
799
1126
706
363
117
665
441
395
746
871
913
1245
951
271
494
346
800
1002
259
8
44
322
1022
325
766
126
323
144
1223
444
684
1052
562
648
33
1251
1267
51
986
274
222
273
390
1185
65
1069
1135
561
563
305
137
852
241
96
1112
1309
1080
103
336
699
695
822
884
424
1157
1190
750
791
1301
49
1273