867
281
1025
1030
1186
715
380
11
1160
275
1176
958
1037
1161
96
177
488
531
563
332
558
1101
1172
559
56
1057
699
164
1080
1297
58
90
94
282
9
65
951
79
955
908
1022
1276
99
377
1000
806
1217
47
1131
218
1194
190
242
946
1159
128
460
1135
1086
45
293
498
316
999
125
24
505
1108
825
885
742
1212
927
859
259
423
274
1121
560
525
127
957
853
413
552
632
4
260
966
503
764
447
868
1263
618
941
705
1288
884
212
399
333
549
953
1207
817
606
20
68
1092
418
355
1196
631
1238
694
587
185
944
1117
1234
513
1223
1316
903
453
1005
600
634
972
932
1267
1323
25
407
1252
1104
443
1174
633
1265
749
490
1129
225
1046
607
352
402
894
365
37
1082
1002
584
920
985
1309
414
1145
301
284
13
227
667
1141
1044
1043
51
238
855
757
1254
180
486
614
246
1163
39
431
942
996
420
288
502
709
234
783
834
102
1244
48
893
63
804
493
219
712
95
1322
535
1218
1138
629
286
1157
146
169
1109
348
738
1045
1188
384
687
977
101
147
890
283
807
258
1233
1034
476
620
770
1302
778
1256
672
183
1184
615
635
1211
916
541
790
2
1190
627
21
538
739
674
1168
974
86
1091
1003
915
648
514
411
269
907
580
1147
358
743
1242
93
771
1171
570
666
50
579
1236
519
954
1089
82
8
474
659
1125
711
264
480
701
827
280
748
642
1305
898
964
751
762
610
1221
591
865
1001
726
359
740
968
307
1069
755
960
875
561
211
612
52
469
1304
544
1074
385
546
1209
836
1206
527
405
572
1130
680
1259
360
1204
311
388
911
1222
987
880
662
1028
671
578
918
184
1301
213
417
10
1064
389
688
658
1291
949
854
787
350
170
76
1237
874
306
710
1319
852
317
223
131
797
997
529
979
289
844
449
776
379
444
341
434
568
42
363
349
1081
241
290
111
882
976
940
863
1106
750
1268
1038
421
298
1286
291
528
813
198
645
1306
975
1179
877
300
1158
314
746
1300
1253
919
151
1039
214
1241
256
794
149
805
354
869
1087
221
1245
84
156
639
1079
758
28
404
197
1208
1110
297
891
120
878
200
831
791
74
217
158
768
798
754
571
1098
1155
1132
495
295
735
191
1191
520
392
697
1078
756
1198
154
845
547
670
819
713
195
510
887
609
457
530
722
1270
70
515
54
663
1226
1149
100
646
678
134
391
816
562
62
1065
60
982
38
248
499
577
207
1182
1224
243
115
815
1210
479
789
679
304
403
160
641
1292
937
1100
1112
759
1247
1165
988
796
721
897
364
181
121
89
1215
202
426
1289
1299
277
826
509
19
429
963
611
199
6
1140
174
668
1225
329
67
136
1143
17
872
1275
598
774
1052
533
167
1173
1213
1026
938
625
324
186
904
1318
602
733
512
910
215
1148
500
1062
1195
508
1279
1298
472
492
803
719
30
194
861
724
543
1126
92
381
276
569
1249
889
135
451
626
406
338
268
471
1093
204
1
1152
1293
931
564
439
296
1185
939
1073
1033
848
53
78
708
518
378
1015
122
995
1181
163
839
998
1049
537
1071
386
506
1012
1088
888
847
335
336
496
367
551
1200
860
655
362
220
239
1146
665
376
948
986
624
152
40
1150
772
106
278
1114
702
824
828
206
1248
179
657
801
73
1320
458
720
605
1232
299
630
873
424
1055
766
1009
935
110
487
230
1230
616
1189
899
1290
1199
862
328
926
150
1042
481
109
799
714
737
87
1084
765
459
636
1136
933
980
193
292
222
310
1187
936
1272
695
532
1313
69
947
881
44
829
85
1040
61
425
595
16
1066
419
390
236
330
144
1029
448
961
553
1134
320
49
1047
114
1076
66
161
792
857
1102
1273
795
693
1072
808
800
57
661
1111
879
475
617
504
148
1192
589
689
468
395
741
901
249
682
393
398
1048
216
237
736
346
842
554
440
921
196
250
991
574
178
840
716
984
1203
864
303
1010
1006
1178
644
1310
1008
656
1059
1116
441
18
176
97
254
596
340
205
270
866
116
1166
1220
334
1077
98
676
157
1255
548
696
1053
1197
31
1180
686
466
113
592
1281
1251
779
272
103
482
1067
266
550
132
604
1023
706
917
305
752
1036
1167
677
540
339
1019
992
501
27
1324
1169
375
271
325
415
153
26
497
464
1151
396
224
187
690
822
1175
581
1058
1085
913
651
456
470
3
775
162
652
1243
1095
473
484
943
1041
832
88
1296
123
1315
685
0
483
71
989
744
613
718
841
372
1269
723
728
112
445
557
1060
692
361
171
1024
244
75
279
209
1250
956
640
145
523
397
1162
203