1055
1368
972
629
46
1176
1414
132
467
1431
295
270
608
165
987
283
149
843
1239
1259
1465
206
1039
834
1274
721
433
1480
129
1421
1023
1322
1227
441
805
57
33
399
1391
1417
224
886
611
1131
864
871
55
612
556
323
266
958
583
1072
218
594
643
1087
1233
104
598
108
220
966
1018
811
1206
1164
299
348
698
887
1332
281
302
215
1237
585
1198
38
789
89
851
809
1044
807
682
476
1179
288
724
397
753
955
702
70
718
625
331
368
1399
646
684
409
268
1349
392
778
525
1057
278
1265
205
925
947
1326
1224
489
657
112
1186
1324
80
735
180
1122
54
340
961
225
1232
287
747
605
765
417
539
275
456
219
803
1166
615
1339
870
672
1109
729
1347
1129
1345
365
403
1313
1363
1323
6
1297
719
989
322
240
1482
106
688
1136
730
711
570
844
759
840
1212
808
353
1181
913
30
1271
830
22
406
183
1357
298
447
818
105
624
60
1338
541
562
1385
421
1085
1466
686
679
374
1161
1155
701
347
468
1282
754
627
333
1021
358
207
1307
314
29
591
222
16
954
1250
896
964
1144
1408
859
801
817
408
297
139
924
841
1310
628
1180
1320
599
47
931
781
668
715
1105
1260
233
1397
700
690
1245
893
454
308
244
450
621
375
337
967
780
371
920
664
939
148
691
969
879
350
1369
1086
294
426
1454
241
351
1263
975
189
1455
845
607
1348
1204
393
369
1352
211
568
134
18
1080
1334
137
776
1203
91
4
313
671
1063
1407
1433
1003
571
943
565
1234
800
1419
559
352
174
1056
1019
661
576
1403
1343
391
1396
242
518
641
1142
1266
1141
1300
1194
561
109
761
1076
457
1273
1462
785
396
1
775
530
113
199
1362
1464
1456
1375
639
237
1318
259
1249
1187
428
992
1483
875
1436
166
238
791
310
1221
878
949
1229
522
370
254
1460
377
1167
1162
670
1225
1060
872
442
933
944
533
677
589
500
94
917
516
892
658
1083
1226
463
1316
1235
1280
1255
324
1001
708
17
1394
874
1031
1402
48
740
359
420
593
1188
461
575
1047
65
737
1404
1000
610
395
660
8
425
632
306
321
373
1132
833
354
555
581
1444
1119
1036
1110
527
159
1429
815
163
510
1475
1079
86
253
1453
1067
508
590
979
1238
631
752
383
839
1244
659
120
315
386
1170
1192
258
1029
201
1033
332
898
380
1257
50
1035
212
1200
543
1158
674
261
451
680
227
484
247
140
1017
788
122
1321
10
100
248
389
906
445
366
1202
649
914
662
1258
1197
1441
1130
1382
200
459
1306
228
703
1185
311
890
400
1301
867
1089
282
1270
257
654
292
863
1107
1100
364
580
617
858
68
356
911
1443
1458
1329
822
587
722
706
850
885
279
1373
902
1379
861
1366
1005
127
438
1264
1370
1276
390
346
164
717
448
968
1042
415
977
179
802
93
532
663
152
35
101
1440
1384
1251
1191
130
597
903
994
1364
1104
782
709
1311
547
650
1145
435
1325
401
128
1299
361
1253
618
271
209
1365
938
963
3
959
857
1054
330
942
880
1302
950
1473
1336
814
1314
304
577
869
23
118
13
982
847
439
835
1025
326
1351
837
1387
773
794
413
1281
126
1390
1213
66
1099
504
1354
574
115
540
1108
251
846
423
1451
82
1293
578
214
1046
763
157
449
343
554
983
695
379
1278
1156
710
1412
45
919
1096
263
12
1236
1474
32
1070
1287
1353
1290
446
918
1367
1210
1065
197
1101
974
501
1115
187
402
647
901
1381
309
909
25
341
876
1437
1184
1327
58
976
1050
11
1439
117
440
114
116
202
1333
0
478
171
741
1434
705
1393
1340
1215
78
1014
928
458
727
1008
1077
84
923
946
720
1359
230
816
255
552
1183
713
74
436
1098
9
1146
1378
59
635
1337
362
342
338
329
619
904
1416
320
472
521
1220
1315
738
945
250
652
376
750
73
1252
170
1445
519
1395
584
195
1398
733
1294
1268
1190
1062
305
572
339
827
907
1172
1409
1112
1303
1095
557
603
1488
1292
548
1487
289
344
912
284
1074
223
838
546
196
1289
573
981
900
1463
669
1358
492
960
1383
564
1205
757
1071
937
1246
256
531
819
56
1461
952
1342
90
1223
644
404
1182
728
1061
941
173
249
1372
154
427
936
147
1471
687
382
1139
21
849
316
748
723
704
194
131
168
75
1068
1422
1411
111
1344
1489
1376
745
1243
142
770
192
1082
496
1386
509
767
36
1201
762
558
829
1484
175
915
335
49
921
1262
786
962
544
862
1410
181
52
437
1406
756
798
319
731
1097
916
280
860
528
419
167
769
551
978
656
1133
151
1118
1371
832
464
613
523
633
569
812
866
1189
971
85
145
185
1355
868
553
1218
1231
927