2.659105062484741211e-01 7.065392099320888519e-01 7.424073293805122375e-03 2.012621052563190460e-02
1.853144764900207520e-01 7.386212721467018127e-01 3.786220028996467590e-02 3.820205107331275940e-02
2.539469599723815918e-01 3.593067228794097900e-01 2.907980605959892273e-01 9.594825655221939087e-02
2.659105062484741211e-01 7.065392099320888519e-01 7.424073293805122375e-03 2.012621052563190460e-02
1.853144764900207520e-01 7.386212721467018127e-01 3.786220028996467590e-02 3.820205107331275940e-02
1.853144764900207520e-01 7.386212721467018127e-01 3.786220028996467590e-02 3.820205107331275940e-02
1.853144764900207520e-01 7.386212721467018127e-01 3.786220028996467590e-02 3.820205107331275940e-02
1.853144764900207520e-01 7.386212721467018127e-01 3.786220028996467590e-02 3.820205107331275940e-02
2.659105062484741211e-01 7.065392099320888519e-01 7.424073293805122375e-03 2.012621052563190460e-02
2.539469599723815918e-01 3.593067228794097900e-01 2.907980605959892273e-01 9.594825655221939087e-02
2.539469599723815918e-01 3.593067228794097900e-01 2.907980605959892273e-01 9.594825655221939087e-02
2.539469599723815918e-01 3.593067228794097900e-01 2.907980605959892273e-01 9.594825655221939087e-02
1.853144764900207520e-01 7.386212721467018127e-01 3.786220028996467590e-02 3.820205107331275940e-02
2.659105062484741211e-01 7.065392099320888519e-01 7.424073293805122375e-03 2.012621052563190460e-02
1.853144764900207520e-01 7.386212721467018127e-01 3.786220028996467590e-02 3.820205107331275940e-02
1.853144764900207520e-01 7.386212721467018127e-01 3.786220028996467590e-02 3.820205107331275940e-02
2.659105062484741211e-01 7.065392099320888519e-01 7.424073293805122375e-03 2.012621052563190460e-02
1.853144764900207520e-01 7.386212721467018127e-01 3.786220028996467590e-02 3.820205107331275940e-02
2.659105062484741211e-01 7.065392099320888519e-01 7.424073293805122375e-03 2.012621052563190460e-02
1.853144764900207520e-01 7.386212721467018127e-01 3.786220028996467590e-02 3.820205107331275940e-02
1.853144764900207520e-01 7.386212721467018127e-01 3.786220028996467590e-02 3.820205107331275940e-02
1.853144764900207520e-01 7.386212721467018127e-01 3.786220028996467590e-02 3.820205107331275940e-02
2.659105062484741211e-01 7.065392099320888519e-01 7.424073293805122375e-03 2.012621052563190460e-02
2.539469599723815918e-01 3.593067228794097900e-01 2.907980605959892273e-01 9.594825655221939087e-02
2.539469599723815918e-01 3.593067228794097900e-01 2.907980605959892273e-01 9.594825655221939087e-02
2.539469599723815918e-01 3.593067228794097900e-01 2.907980605959892273e-01 9.594825655221939087e-02
2.539469599723815918e-01 3.593067228794097900e-01 2.907980605959892273e-01 9.594825655221939087e-02
2.659105062484741211e-01 7.065392099320888519e-01 7.424073293805122375e-03 2.012621052563190460e-02
1.853144764900207520e-01 7.386212721467018127e-01 3.786220028996467590e-02 3.820205107331275940e-02
1.853144764900207520e-01 7.386212721467018127e-01 3.786220028996467590e-02 3.820205107331275940e-02
1.853144764900207520e-01 7.386212721467018127e-01 3.786220028996467590e-02 3.820205107331275940e-02
2.539469599723815918e-01 3.593067228794097900e-01 2.907980605959892273e-01 9.594825655221939087e-02
2.659105062484741211e-01 7.065392099320888519e-01 7.424073293805122375e-03 2.012621052563190460e-02
1.853144764900207520e-01 7.386212721467018127e-01 3.786220028996467590e-02 3.820205107331275940e-02
2.659105062484741211e-01 7.065392099320888519e-01 7.424073293805122375e-03 2.012621052563190460e-02
2.659105062484741211e-01 7.065392099320888519e-01 7.424073293805122375e-03 2.012621052563190460e-02
2.659105062484741211e-01 7.065392099320888519e-01 7.424073293805122375e-03 2.012621052563190460e-02
2.659105062484741211e-01 7.065392099320888519e-01 7.424073293805122375e-03 2.012621052563190460e-02
1.853144764900207520e-01 7.386212721467018127e-01 3.786220028996467590e-02 3.820205107331275940e-02
2.539469599723815918e-01 3.593067228794097900e-01 2.907980605959892273e-01 9.594825655221939087e-02
2.539469599723815918e-01 3.593067228794097900e-01 2.907980605959892273e-01 9.594825655221939087e-02
1.853144764900207520e-01 7.386212721467018127e-01 3.786220028996467590e-02 3.820205107331275940e-02
1.853144764900207520e-01 7.386212721467018127e-01 3.786220028996467590e-02 3.820205107331275940e-02
2.539469599723815918e-01 3.593067228794097900e-01 2.907980605959892273e-01 9.594825655221939087e-02
2.659105062484741211e-01 7.065392099320888519e-01 7.424073293805122375e-03 2.012621052563190460e-02
2.539469599723815918e-01 3.593067228794097900e-01 2.907980605959892273e-01 9.594825655221939087e-02
2.539469599723815918e-01 3.593067228794097900e-01 2.907980605959892273e-01 9.594825655221939087e-02
1.853144764900207520e-01 7.386212721467018127e-01 3.786220028996467590e-02 3.820205107331275940e-02
2.659105062484741211e-01 7.065392099320888519e-01 7.424073293805122375e-03 2.012621052563190460e-02
1.853144764900207520e-01 7.386212721467018127e-01 3.786220028996467590e-02 3.820205107331275940e-02
2.659105062484741211e-01 7.065392099320888519e-01 7.424073293805122375e-03 2.012621052563190460e-02
2.659105062484741211e-01 7.065392099320888519e-01 7.424073293805122375e-03 2.012621052563190460e-02
2.659105062484741211e-01 7.065392099320888519e-01 7.424073293805122375e-03 2.012621052563190460e-02
1.853144764900207520e-01 7.386212721467018127e-01 3.786220028996467590e-02 3.820205107331275940e-02
2.539469599723815918e-01 3.593067228794097900e-01 2.907980605959892273e-01 9.594825655221939087e-02
2.539469599723815918e-01 3.593067228794097900e-01 2.907980605959892273e-01 9.594825655221939087e-02
1.853144764900207520e-01 7.386212721467018127e-01 3.786220028996467590e-02 3.820205107331275940e-02
1.853144764900207520e-01 7.386212721467018127e-01 3.786220028996467590e-02 3.820205107331275940e-02
1.853144764900207520e-01 7.386212721467018127e-01 3.786220028996467590e-02 3.820205107331275940e-02
1.853144764900207520e-01 7.386212721467018127e-01 3.786220028996467590e-02 3.820205107331275940e-02
2.659105062484741211e-01 7.065392099320888519e-01 7.424073293805122375e-03 2.012621052563190460e-02
2.659105062484741211e-01 7.065392099320888519e-01 7.424073293805122375e-03 2.012621052563190460e-02
2.659105062484741211e-01 7.065392099320888519e-01 7.424073293805122375e-03 2.012621052563190460e-02
2.539469599723815918e-01 3.593067228794097900e-01 2.907980605959892273e-01 9.594825655221939087e-02
2.659105062484741211e-01 7.065392099320888519e-01 7.424073293805122375e-03 2.012621052563190460e-02
1.853144764900207520e-01 7.386212721467018127e-01 3.786220028996467590e-02 3.820205107331275940e-02
2.659105062484741211e-01 7.065392099320888519e-01 7.424073293805122375e-03 2.012621052563190460e-02
1.853144764900207520e-01 7.386212721467018127e-01 3.786220028996467590e-02 3.820205107331275940e-02
2.539469599723815918e-01 3.593067228794097900e-01 2.907980605959892273e-01 9.594825655221939087e-02
1.853144764900207520e-01 7.386212721467018127e-01 3.786220028996467590e-02 3.820205107331275940e-02
1.853144764900207520e-01 7.386212721467018127e-01 3.786220028996467590e-02 3.820205107331275940e-02
1.853144764900207520e-01 7.386212721467018127e-01 3.786220028996467590e-02 3.820205107331275940e-02
2.539469599723815918e-01 3.593067228794097900e-01 2.907980605959892273e-01 9.594825655221939087e-02
2.539469599723815918e-01 3.593067228794097900e-01 2.907980605959892273e-01 9.594825655221939087e-02
1.853144764900207520e-01 7.386212721467018127e-01 3.786220028996467590e-02 3.820205107331275940e-02
2.539469599723815918e-01 3.593067228794097900e-01 2.907980605959892273e-01 9.594825655221939087e-02
1.853144764900207520e-01 7.386212721467018127e-01 3.786220028996467590e-02 3.820205107331275940e-02
2.659105062484741211e-01 7.065392099320888519e-01 7.424073293805122375e-03 2.012621052563190460e-02
2.539469599723815918e-01 3.593067228794097900e-01 2.907980605959892273e-01 9.594825655221939087e-02
1.853144764900207520e-01 7.386212721467018127e-01 3.786220028996467590e-02 3.820205107331275940e-02
2.539469599723815918e-01 3.593067228794097900e-01 2.907980605959892273e-01 9.594825655221939087e-02
2.659105062484741211e-01 7.065392099320888519e-01 7.424073293805122375e-03 2.012621052563190460e-02
2.539469599723815918e-01 3.593067228794097900e-01 2.907980605959892273e-01 9.594825655221939087e-02
2.659105062484741211e-01 7.065392099320888519e-01 7.424073293805122375e-03 2.012621052563190460e-02
2.659105062484741211e-01 7.065392099320888519e-01 7.424073293805122375e-03 2.012621052563190460e-02
2.539469599723815918e-01 3.593067228794097900e-01 2.907980605959892273e-01 9.594825655221939087e-02
2.659105062484741211e-01 7.065392099320888519e-01 7.424073293805122375e-03 2.012621052563190460e-02
2.539469599723815918e-01 3.593067228794097900e-01 2.907980605959892273e-01 9.594825655221939087e-02
1.853144764900207520e-01 7.386212721467018127e-01 3.786220028996467590e-02 3.820205107331275940e-02
1.853144764900207520e-01 7.386212721467018127e-01 3.786220028996467590e-02 3.820205107331275940e-02
1.853144764900207520e-01 7.386212721467018127e-01 3.786220028996467590e-02 3.820205107331275940e-02
2.539469599723815918e-01 3.593067228794097900e-01 2.907980605959892273e-01 9.594825655221939087e-02
2.539469599723815918e-01 3.593067228794097900e-01 2.907980605959892273e-01 9.594825655221939087e-02
1.853144764900207520e-01 7.386212721467018127e-01 3.786220028996467590e-02 3.820205107331275940e-02
2.659105062484741211e-01 7.065392099320888519e-01 7.424073293805122375e-03 2.012621052563190460e-02
2.539469599723815918e-01 3.593067228794097900e-01 2.907980605959892273e-01 9.594825655221939087e-02
1.853144764900207520e-01 7.386212721467018127e-01 3.786220028996467590e-02 3.820205107331275940e-02
1.853144764900207520e-01 7.386212721467018127e-01 3.786220028996467590e-02 3.820205107331275940e-02
2.539469599723815918e-01 3.593067228794097900e-01 2.907980605959892273e-01 9.594825655221939087e-02
2.659105062484741211e-01 7.065392099320888519e-01 7.424073293805122375e-03 2.012621052563190460e-02
2.539469599723815918e-01 3.593067228794097900e-01 2.907980605959892273e-01 9.594825655221939087e-02
1.853144764900207520e-01 7.386212721467018127e-01 3.786220028996467590e-02 3.820205107331275940e-02
2.659105062484741211e-01 7.065392099320888519e-01 7.424073293805122375e-03 2.012621052563190460e-02
1.853144764900207520e-01 7.386212721467018127e-01 3.786220028996467590e-02 3.820205107331275940e-02
2.659105062484741211e-01 7.065392099320888519e-01 7.424073293805122375e-03 2.012621052563190460e-02
2.539469599723815918e-01 3.593067228794097900e-01 2.907980605959892273e-01 9.594825655221939087e-02
1.853144764900207520e-01 7.386212721467018127e-01 3.786220028996467590e-02 3.820205107331275940e-02
2.539469599723815918e-01 3.593067228794097900e-01 2.907980605959892273e-01 9.594825655221939087e-02
2.539469599723815918e-01 3.593067228794097900e-01 2.907980605959892273e-01 9.594825655221939087e-02
1.853144764900207520e-01 7.386212721467018127e-01 3.786220028996467590e-02 3.820205107331275940e-02
1.853144764900207520e-01 7.386212721467018127e-01 3.786220028996467590e-02 3.820205107331275940e-02
2.539469599723815918e-01 3.593067228794097900e-01 2.907980605959892273e-01 9.594825655221939087e-02
1.853144764900207520e-01 7.386212721467018127e-01 3.786220028996467590e-02 3.820205107331275940e-02
2.539469599723815918e-01 3.593067228794097900e-01 2.907980605959892273e-01 9.594825655221939087e-02
1.853144764900207520e-01 7.386212721467018127e-01 3.786220028996467590e-02 3.820205107331275940e-02
1.853144764900207520e-01 7.386212721467018127e-01 3.786220028996467590e-02 3.820205107331275940e-02
2.659105062484741211e-01 7.065392099320888519e-01 7.424073293805122375e-03 2.012621052563190460e-02
2.659105062484741211e-01 7.065392099320888519e-01 7.424073293805122375e-03 2.012621052563190460e-02
2.659105062484741211e-01 7.065392099320888519e-01 7.424073293805122375e-03 2.012621052563190460e-02
2.659105062484741211e-01 7.065392099320888519e-01 7.424073293805122375e-03 2.012621052563190460e-02
2.659105062484741211e-01 7.065392099320888519e-01 7.424073293805122375e-03 2.012621052563190460e-02
2.539469599723815918e-01 3.593067228794097900e-01 2.907980605959892273e-01 9.594825655221939087e-02
2.539469599723815918e-01 3.593067228794097900e-01 2.907980605959892273e-01 9.594825655221939087e-02
2.539469599723815918e-01 3.593067228794097900e-01 2.907980605959892273e-01 9.594825655221939087e-02
2.539469599723815918e-01 3.593067228794097900e-01 2.907980605959892273e-01 9.594825655221939087e-02
2.539469599723815918e-01 3.593067228794097900e-01 2.907980605959892273e-01 9.594825655221939087e-02
2.539469599723815918e-01 3.593067228794097900e-01 2.907980605959892273e-01 9.594825655221939087e-02
2.539469599723815918e-01 3.593067228794097900e-01 2.907980605959892273e-01 9.594825655221939087e-02
1.853144764900207520e-01 7.386212721467018127e-01 3.786220028996467590e-02 3.820205107331275940e-02
2.659105062484741211e-01 7.065392099320888519e-01 7.424073293805122375e-03 2.012621052563190460e-02
2.659105062484741211e-01 7.065392099320888519e-01 7.424073293805122375e-03 2.012621052563190460e-02
2.659105062484741211e-01 7.065392099320888519e-01 7.424073293805122375e-03 2.012621052563190460e-02
2.539469599723815918e-01 3.593067228794097900e-01 2.907980605959892273e-01 9.594825655221939087e-02
1.853144764900207520e-01 7.386212721467018127e-01 3.786220028996467590e-02 3.820205107331275940e-02
2.659105062484741211e-01 7.065392099320888519e-01 7.424073293805122375e-03 2.012621052563190460e-02
2.659105062484741211e-01 7.065392099320888519e-01 7.424073293805122375e-03 2.012621052563190460e-02
2.539469599723815918e-01 3.593067228794097900e-01 2.907980605959892273e-01 9.594825655221939087e-02
1.853144764900207520e-01 7.386212721467018127e-01 3.786220028996467590e-02 3.820205107331275940e-02
2.659105062484741211e-01 7.065392099320888519e-01 7.424073293805122375e-03 2.012621052563190460e-02
2.539469599723815918e-01 3.593067228794097900e-01 2.907980605959892273e-01 9.594825655221939087e-02
1.853144764900207520e-01 7.386212721467018127e-01 3.786220028996467590e-02 3.820205107331275940e-02
1.853144764900207520e-01 7.386212721467018127e-01 3.786220028996467590e-02 3.820205107331275940e-02
2.659105062484741211e-01 7.065392099320888519e-01 7.424073293805122375e-03 2.012621052563190460e-02
2.539469599723815918e-01 3.593067228794097900e-01 2.907980605959892273e-01 9.594825655221939087e-02
2.659105062484741211e-01 7.065392099320888519e-01 7.424073293805122375e-03 2.012621052563190460e-02
2.539469599723815918e-01 3.593067228794097900e-01 2.907980605959892273e-01 9.594825655221939087e-02
2.539469599723815918e-01 3.593067228794097900e-01 2.907980605959892273e-01 9.594825655221939087e-02
2.539469599723815918e-01 3.593067228794097900e-01 2.907980605959892273e-01 9.594825655221939087e-02
1.853144764900207520e-01 7.386212721467018127e-01 3.786220028996467590e-02 3.820205107331275940e-02
2.659105062484741211e-01 7.065392099320888519e-01 7.424073293805122375e-03 2.012621052563190460e-02
1.853144764900207520e-01 7.386212721467018127e-01 3.786220028996467590e-02 3.820205107331275940e-02
2.659105062484741211e-01 7.065392099320888519e-01 7.424073293805122375e-03 2.012621052563190460e-02
2.659105062484741211e-01 7.065392099320888519e-01 7.424073293805122375e-03 2.012621052563190460e-02
1.853144764900207520e-01 7.386212721467018127e-01 3.786220028996467590e-02 3.820205107331275940e-02
1.853144764900207520e-01 7.386212721467018127e-01 3.786220028996467590e-02 3.820205107331275940e-02
2.539469599723815918e-01 3.593067228794097900e-01 2.907980605959892273e-01 9.594825655221939087e-02
2.659105062484741211e-01 7.065392099320888519e-01 7.424073293805122375e-03 2.012621052563190460e-02
2.539469599723815918e-01 3.593067228794097900e-01 2.907980605959892273e-01 9.594825655221939087e-02
1.853144764900207520e-01 7.386212721467018127e-01 3.786220028996467590e-02 3.820205107331275940e-02
2.539469599723815918e-01 3.593067228794097900e-01 2.907980605959892273e-01 9.594825655221939087e-02
2.659105062484741211e-01 7.065392099320888519e-01 7.424073293805122375e-03 2.012621052563190460e-02
2.539469599723815918e-01 3.593067228794097900e-01 2.907980605959892273e-01 9.594825655221939087e-02
1.853144764900207520e-01 7.386212721467018127e-01 3.786220028996467590e-02 3.820205107331275940e-02
2.659105062484741211e-01 7.065392099320888519e-01 7.424073293805122375e-03 2.012621052563190460e-02
2.659105062484741211e-01 7.065392099320888519e-01 7.424073293805122375e-03 2.012621052563190460e-02
2.659105062484741211e-01 7.065392099320888519e-01 7.424073293805122375e-03 2.012621052563190460e-02
2.539469599723815918e-01 3.593067228794097900e-01 2.907980605959892273e-01 9.594825655221939087e-02
2.539469599723815918e-01 3.593067228794097900e-01 2.907980605959892273e-01 9.594825655221939087e-02
2.539469599723815918e-01 3.593067228794097900e-01 2.907980605959892273e-01 9.594825655221939087e-02
2.539469599723815918e-01 3.593067228794097900e-01 2.907980605959892273e-01 9.594825655221939087e-02
1.853144764900207520e-01 7.386212721467018127e-01 3.786220028996467590e-02 3.820205107331275940e-02
1.853144764900207520e-01 7.386212721467018127e-01 3.786220028996467590e-02 3.820205107331275940e-02
1.853144764900207520e-01 7.386212721467018127e-01 3.786220028996467590e-02 3.820205107331275940e-02
2.659105062484741211e-01 7.065392099320888519e-01 7.424073293805122375e-03 2.012621052563190460e-02
2.659105062484741211e-01 7.065392099320888519e-01 7.424073293805122375e-03 2.012621052563190460e-02
2.539469599723815918e-01 3.593067228794097900e-01 2.907980605959892273e-01 9.594825655221939087e-02
1.853144764900207520e-01 7.386212721467018127e-01 3.786220028996467590e-02 3.820205107331275940e-02
2.539469599723815918e-01 3.593067228794097900e-01 2.907980605959892273e-01 9.594825655221939087e-02
2.659105062484741211e-01 7.065392099320888519e-01 7.424073293805122375e-03 2.012621052563190460e-02
1.853144764900207520e-01 7.386212721467018127e-01 3.786220028996467590e-02 3.820205107331275940e-02
2.659105062484741211e-01 7.065392099320888519e-01 7.424073293805122375e-03 2.012621052563190460e-02
2.539469599723815918e-01 3.593067228794097900e-01 2.907980605959892273e-01 9.594825655221939087e-02
1.853144764900207520e-01 7.386212721467018127e-01 3.786220028996467590e-02 3.820205107331275940e-02
1.853144764900207520e-01 7.386212721467018127e-01 3.786220028996467590e-02 3.820205107331275940e-02
2.539469599723815918e-01 3.593067228794097900e-01 2.907980605959892273e-01 9.594825655221939087e-02
2.539469599723815918e-01 3.593067228794097900e-01 2.907980605959892273e-01 9.594825655221939087e-02
2.539469599723815918e-01 3.593067228794097900e-01 2.907980605959892273e-01 9.594825655221939087e-02
1.853144764900207520e-01 7.386212721467018127e-01 3.786220028996467590e-02 3.820205107331275940e-02
2.659105062484741211e-01 7.065392099320888519e-01 7.424073293805122375e-03 2.012621052563190460e-02
2.659105062484741211e-01 7.065392099320888519e-01 7.424073293805122375e-03 2.012621052563190460e-02
2.659105062484741211e-01 7.065392099320888519e-01 7.424073293805122375e-03 2.012621052563190460e-02
1.853144764900207520e-01 7.386212721467018127e-01 3.786220028996467590e-02 3.820205107331275940e-02
1.853144764900207520e-01 7.386212721467018127e-01 3.786220028996467590e-02 3.820205107331275940e-02
2.659105062484741211e-01 7.065392099320888519e-01 7.424073293805122375e-03 2.012621052563190460e-02
2.539469599723815918e-01 3.593067228794097900e-01 2.907980605959892273e-01 9.594825655221939087e-02
2.539469599723815918e-01 3.593067228794097900e-01 2.907980605959892273e-01 9.594825655221939087e-02
2.659105062484741211e-01 7.065392099320888519e-01 7.424073293805122375e-03 2.012621052563190460e-02
1.853144764900207520e-01 7.386212721467018127e-01 3.786220028996467590e-02 3.820205107331275940e-02
1.853144764900207520e-01 7.386212721467018127e-01 3.786220028996467590e-02 3.820205107331275940e-02
