1.460608839988708496e-01 7.824778482317924500e-01 6.047816853970289230e-02 1.098309922963380814e-02
2.760908603668212891e-01 6.905455514788627625e-01 2.840791689231991768e-02 4.955671261996030807e-03
1.104757189750671387e-01 7.936908826231956482e-01 8.076985739171504974e-02 1.506354101002216339e-02
1.426296830177307129e-01 7.840435281395912170e-01 6.203777901828289032e-02 1.128900982439517975e-02
9.764462709426879883e-02 7.939002513885498047e-01 9.120468236505985260e-02 1.725043915212154388e-02
3.113090991973876953e-03 1.886304020881652832e-01 4.300521314144134521e-01 3.782043755054473877e-01
6.797695159912109375e-02 7.791320383548736572e-01 1.275089196860790253e-01 2.538209035992622375e-02
9.249073266983032227e-02 7.931228205561637878e-01 9.609023295342922211e-02 1.829621382057666779e-02
1.005006432533264160e-01 7.940997704863548279e-01 8.868332579731941223e-02 1.671626046299934387e-02
7.063609361648559570e-02 7.817367017269134521e-01 1.232453342527151108e-01 2.438187040388584137e-02
4.262977838516235352e-02 7.291971445083618164e-01 1.872608326375484467e-01 4.091224446892738342e-02
3.279626369476318359e-03 1.966930031776428223e-01 4.340310990810394287e-01 3.659962713718414307e-01
1.292304396629333496e-01 7.892975583672523499e-01 6.883502844721078873e-02 1.263697352260351181e-02
3.059467077255249023e-01 6.650568097829818726e-01 2.470598556101322174e-02 4.290496930480003357e-03
4.141674041748046875e-01 5.675531532615423203e-01 1.559990248642861843e-02 2.679540077224373817e-03
6.698012351989746094e-03 3.320382237434387207e-01 4.414867609739303589e-01 2.197770029306411743e-01
1.106760501861572266e-01 7.936669141054153442e-01 8.062368631362915039e-02 1.503334939479827881e-02
1.736772656440734863e-01 7.673838399350643158e-01 4.998261947184801102e-02 8.956274949014186859e-03
5.363827943801879883e-02 7.578840702772140503e-01 1.560516059398651123e-01 3.242604434490203857e-02
3.255009055137634277e-01 6.479457654058933258e-01 2.263274090364575386e-02 3.920588176697492599e-03
1.591176390647888184e-01 7.758413627743721008e-01 5.510280560702085495e-02 9.938192553818225861e-03
1.515886187553405762e-01 7.797923535108566284e-01 5.810001119971275330e-02 1.051901653409004211e-02
3.258669376373291016e-02 6.864262223243713379e-01 2.276074104011058807e-01 5.337967351078987122e-02
5.818390846252441406e-02 7.661647647619247437e-01 1.458222921937704086e-01 2.982903458178043365e-02
9.812450408935546875e-02 7.939447835087776184e-01 9.077217057347297668e-02 1.715854182839393616e-02
7.671982049942016602e-02 7.865266501903533936e-01 1.144055426120758057e-01 2.234798669815063477e-02
2.119892835617065430e-02 6.007703840732574463e-01 2.974003180861473083e-01 8.063036948442459106e-02
9.609597921371459961e-02 7.937253862619400024e-01 9.262552298605442047e-02 1.755311153829097748e-02
2.006720304489135742e-01 7.495060339570045471e-01 4.231275478377938271e-02 7.509180810302495956e-03
5.444145202636718750e-02 7.594722062349319458e-01 1.541496217250823975e-01 3.193672001361846924e-02
5.350792407989501953e-02 7.576205283403396606e-01 1.563646718859672546e-01 3.250687569379806519e-02
3.113090991973876953e-03 1.886304020881652832e-01 4.300521314144134521e-01 3.782043755054473877e-01
5.958842933177947998e-01 3.952673729509115219e-01 7.561825565062463284e-03 1.286508166231215000e-03
6.461733579635620117e-02 7.753277868032455444e-01 1.332947444170713425e-01 2.676013298332691193e-02
2.962071895599365234e-01 6.734642814844846725e-01 2.583568263798952103e-02 4.492846317589282990e-03
7.219254970550537109e-03 3.486204147338867188e-01 4.370496273040771484e-01 2.071107029914855957e-01
1.442974209785461426e-01 7.832927033305168152e-01 6.127135735005140305e-02 1.113851834088563919e-02
8.812728226184844971e-01 1.169568734476342797e-01 1.514470990514382720e-03 2.558329433668404818e-04
5.081215500831604004e-01 4.792959066107869148e-01 1.074718742165714502e-02 1.835355884395539761e-03
3.009068965911865234e-02 6.720063984394073486e-01 2.402102462947368622e-01 5.769266560673713684e-02
8.231419324874877930e-02 7.897106558084487915e-01 1.072381231933832169e-01 2.073702774941921234e-02
2.586553692817687988e-01 7.049872837960720062e-01 3.094271803274750710e-02 5.414628889411687851e-03
2.721149921417236328e-01 6.938709355890750885e-01 2.895888499915599823e-02 5.055187270045280457e-03
4.749375581741333008e-02 7.436435222625732422e-01 1.721663884818553925e-01 3.669633343815803528e-02
5.286506712436676025e-01 4.597486322745680809e-01 9.909993968904018402e-03 1.690702512860298157e-03
3.761297464370727539e-02 7.104345560073852539e-01 2.056046016514301300e-01 4.634786769747734070e-02
3.113090991973876953e-03 1.886304020881652832e-01 4.300521314144134521e-01 3.782043755054473877e-01
5.631494522094726562e-02 7.629627436399459839e-01 1.498745903372764587e-01 3.084772080183029175e-02
1.034798622131347656e-01 7.941487580537796021e-01 8.618150837719440460e-02 1.618987135589122772e-02
1.247197389602661133e-01 7.907106056809425354e-01 7.141472119837999344e-02 1.315493416041135788e-02
3.263418674468994141e-01 6.472035720944404602e-01 2.254889346659183502e-02 3.905666992068290710e-03
8.378386497497558594e-03 3.825559616088867188e-01 4.255205243825912476e-01 1.835451275110244751e-01
4.894454479217529297e-01 4.970091320574283600e-01 1.156796771101653576e-02 1.977452309802174568e-03
1.334661841392517090e-01 7.877974063158035278e-01 6.655439548194408417e-02 1.218201406300067902e-02
3.113090991973876953e-03 1.886305809020996094e-01 4.300520718097686768e-01 3.782042562961578369e-01
3.417789936065673828e-03 2.032654285430908203e-01 4.368796646595001221e-01 3.564371168613433838e-01
3.359531164169311523e-01 6.386873144656419754e-01 2.161914855241775513e-02 3.740420565009117126e-03
1.084052920341491699e-01 7.939046546816825867e-01 8.230805210769176483e-02 1.538200117647647858e-02
1.173782944679260254e-01 7.925532162189483643e-01 7.598677370697259903e-02 1.408171560615301132e-02
3.568502068519592285e-01 6.199747603386640549e-01 1.976334024220705032e-02 3.411692567169666290e-03
1.003450155258178711e-01 7.940929383039474487e-01 8.881746046245098114e-02 1.674458570778369904e-02
1.189583539962768555e-01 7.922081500291824341e-01 7.496075052767992020e-02 1.387274544686079025e-02
1.078015565872192383e-02 4.421297311782836914e-01 3.986612260341644287e-01 1.484288871288299561e-01
2.014920115470886230e-01 7.489271238446235657e-01 4.210962774232029915e-02 7.471236865967512131e-03
1.450979709625244141e-01 7.829254046082496643e-01 6.090912036597728729e-02 1.106750406324863434e-02
6.617578864097595215e-01 3.315587691031396389e-01 5.713426158763468266e-03 9.699183283373713493e-04
8.821991235017776489e-01 1.160462012048810720e-01 1.501104154158383608e-03 2.535711391828954220e-04
1.386702060699462891e-02 5.026314854621887207e-01 3.644995316863059998e-01 1.190019622445106506e-01
2.850598096847534180e-02 6.618043184280395508e-01 2.488913647830486298e-01 6.079833582043647766e-02
3.357970714569091797e-01 6.388260517269372940e-01 2.163384854793548584e-02 3.743028268218040466e-03
5.597194135189056396e-01 4.300320278853178024e-01 8.756662136875092983e-03 1.491896458901464939e-03
2.954321503639221191e-01 6.741297077387571335e-01 2.592862304300069809e-02 4.509518854320049286e-03
3.231620788574218750e-02 6.849528551101684570e-01 2.289142534136772156e-01 5.381668359041213989e-02
2.168488502502441406e-02 6.057143807411193848e-01 2.936706170439720154e-01 7.893011718988418579e-02
5.711895227432250977e-02 7.643732428550720215e-01 1.481062285602092743e-01 3.040157631039619446e-02
3.265132308006286621e-01 6.470522694289684296e-01 2.253186283633112907e-02 3.902636934071779251e-03
2.877354621887207031e-02 6.635895371437072754e-01 2.473855912685394287e-01 6.025132536888122559e-02
3.763854503631591797e-03 2.192413806915283203e-01 4.424407780170440674e-01 3.345539867877960205e-01
6.502383947372436523e-02 7.758209258317947388e-01 1.325692236423492432e-01 2.658601105213165283e-02
5.006670951843261719e-02 7.500874698162078857e-01 1.650605276226997375e-01 3.478529304265975952e-02
4.881271719932556152e-01 4.982567317783832550e-01 1.162820379249751568e-02 1.987892435863614082e-03
6.078910827636718750e-02 7.702015787363052368e-01 1.404989324510097504e-01 2.851038053631782532e-02
1.944541931152343750e-02 5.815916955471038818e-01 3.115535974502563477e-01 8.740928769111633301e-02
1.323252916336059570e-01 7.882170975208282471e-01 6.715587992221117020e-02 1.230173092335462570e-02
3.113090991973876953e-03 1.886304020881652832e-01 4.300521314144134521e-01 3.782043755054473877e-01
5.775564312934875488e-01 4.129070406779646873e-01 8.149136323481798172e-03 1.387391705065965652e-03
8.749517351388931274e-01 1.231704410165548325e-01 1.606427656952291727e-03 2.713961875997483730e-04
9.824454784393310547e-02 7.939551994204521179e-01 9.066455811262130737e-02 1.713569462299346924e-02
1.681008934974670410e-01 7.707387991249561310e-01 5.184782668948173523e-02 9.312480688095092773e-03
4.497953653335571289e-01 5.343575477600097656e-01 1.352900266647338867e-02 2.318084239959716797e-03
6.271141767501831055e-02 7.728883177042007446e-01 1.367946751415729523e-01 2.760558947920799255e-02
2.081447839736938477e-02 5.967494249343872070e-01 3.004090115427970886e-01 8.202708512544631958e-02
3.066194057464599609e-02 6.754764616489410400e-01 2.372144982218742371e-01 5.664709955453872681e-02
4.477856755256652832e-01 5.362400393933057785e-01 1.363733550533652306e-02 2.336949575692415237e-03
2.355452775955200195e-01 7.234827950596809387e-01 3.484509093686938286e-02 6.126836407929658890e-03
3.123700618743896484e-02 6.788646578788757324e-01 2.342672720551490784e-01 5.563106387853622437e-02
1.506984233856201172e-02 5.224635303020477295e-01 3.520324677228927612e-01 1.104341596364974976e-01
6.248562932014465332e-01 3.673026179894804955e-01 6.702018785290420055e-03 1.139070023782551289e-03
2.984917163848876953e-02 6.705081760883331299e-01 2.414968907833099365e-01 5.814576148986816406e-02
3.113090991973876953e-03 1.886304020881652832e-01 4.300521314144134521e-01 3.782043755054473877e-01
8.897542953491210938e-03 3.965651392936706543e-01 4.199045151472091675e-01 1.746328026056289673e-01
2.776980400085449219e-02 6.567558944225311279e-01 2.531204074621200562e-01 6.235389411449432373e-02
6.037450432777404785e-01 3.876892635598778725e-01 7.320582401007413864e-03 1.245110761374235153e-03
7.042637169361114502e-01 2.902389406226575375e-01 4.700356221292167902e-03 7.969862199388444424e-04
1.196509599685668945e-02 4.671887755393981934e-01 3.852623403072357178e-01 1.355837881565093994e-01
8.642659336328506470e-01 1.336709577590227127e-01 1.764886430464684963e-03 2.982221776619553566e-04
1.807128190994262695e-01 7.629687860608100891e-01 4.778048861771821976e-02 8.537906222045421600e-03
2.843427658081054688e-02 6.613225340843200684e-01 2.492969147861003876e-01 6.094627454876899719e-02
1.734576821327209473e-01 7.675184458494186401e-01 5.005399603396654129e-02 8.969875983893871307e-03
5.475169420242309570e-02 7.600705921649932861e-01 1.534262970089912415e-01 3.175141662359237671e-02
9.860569238662719727e-02 7.939847633242607117e-01 9.034224227070808411e-02 1.706730201840400696e-02
1.591306924819946289e-02 5.353367030620574951e-01 3.436332270503044128e-01 1.051170006394386292e-01
1.242607831954956055e-02 4.762846827507019043e-01 3.801282942295074463e-01 1.311609447002410889e-01
1.239649057388305664e-01 7.909271344542503357e-01 7.186271529644727707e-02 1.324524451047182083e-02
1.887877583503723145e-01 7.576766759157180786e-01 4.543979465961456299e-02 8.095771074295043945e-03
1.081051826477050781e-01 7.939304262399673462e-01 8.253523986786603928e-02 1.542915124446153641e-02
6.629859805107116699e-01 3.303670347668230534e-01 5.682373186573386192e-03 9.646115358918905258e-04
2.074048519134521484e-01 7.446996644139289856e-01 4.068907070904970169e-02 7.206412963569164276e-03
5.039312541484832764e-01 4.832762153819203377e-01 1.092620578128844500e-02 1.866324688307940960e-03
6.478637456893920898e-01 3.450321680866181850e-01 6.072734482586383820e-03 1.031351741403341293e-03
6.031334400177001953e-02 7.694994956254959106e-01 1.414442155510187149e-01 2.874294482171535492e-02
4.752808809280395508e-02 7.437343299388885498e-01 1.720680147409439087e-01 3.666956722736358643e-02
3.113090991973876953e-03 1.886304020881652832e-01 4.300521314144134521e-01 3.782043755054473877e-01
1.852467656135559082e-01 7.600252330303192139e-01 4.644304607063531876e-02 8.284955285489559174e-03
4.053449630737304688e-02 7.218993753194808960e-01 1.945399492979049683e-01 4.302617907524108887e-02
2.421951293945312500e-02 6.292252540588378906e-01 2.754684016108512878e-01 7.108683139085769653e-02
3.761607408523559570e-02 7.104473412036895752e-01 2.055924385786056519e-01 4.634414613246917725e-02
2.194399237632751465e-01 7.358305118978023529e-01 3.801845479756593704e-02 6.711109541356563568e-03
4.907289743423461914e-01 4.957940606400370598e-01 1.150962221436202526e-02 1.967342803254723549e-03
9.339267015457153320e-02 7.933002114295959473e-01 9.520208276808261871e-02 1.810503564774990082e-02
3.387041091918945312e-01 6.362387165427207947e-01 2.136233448982238770e-02 3.694839775562286377e-03
1.849193572998046875e-01 7.602401971817016602e-01 4.653763398528099060e-02 8.302811533212661743e-03
2.747023105621337891e-02 6.546419560909271240e-01 2.548786327242851257e-01 6.300918012857437134e-02
1.369319558143615723e-01 7.864552140235900879e-01 6.478242389857769012e-02 1.183040626347064972e-02
5.804717540740966797e-03 3.014560937881469727e-01 4.472730159759521484e-01 2.454661726951599121e-01
8.722960948944091797e-02 7.917020842432975769e-01 1.015798021107912064e-01 1.948850415647029877e-02
1.322491765022277832e-01 7.882446944713592529e-01 6.719633098691701889e-02 1.230979803949594498e-02
5.704319477081298828e-02 7.642424106597900391e-01 1.482712849974632263e-01 3.044310957193374634e-02
5.339652001857757568e-01 4.546762770041823387e-01 9.703461430035531521e-03 1.655061380006372929e-03
1.546210646629333496e-01 7.782396003603935242e-01 5.686097778379917145e-02 1.027835719287395477e-02
2.760763764381408691e-01 6.905576996505260468e-01 2.840989548712968826e-02 4.956028424203395844e-03
5.831003189086914062e-03 3.023977875709533691e-01 4.471455812454223633e-01 2.446256279945373535e-01
4.858696460723876953e-02 7.464729845523834229e-01 1.690794751048088074e-01 3.586057573556900024e-02
2.785784006118774414e-01 6.884559802711009979e-01 2.807077858597040176e-02 4.894840531051158905e-03
3.113090991973876953e-03 1.886304020881652832e-01 4.300521314144134521e-01 3.782043755054473877e-01
2.882999181747436523e-02 6.639625430107116699e-01 2.470702342689037323e-01 6.013723090291023254e-02
7.111179828643798828e-02 7.821678519248962402e-01 1.225097533315420151e-01 2.421059645712375641e-02
1.537545323371887207e-01 7.786887735128402710e-01 5.721052177250385284e-02 1.034617237746715546e-02
2.142965793609619141e-01 7.396618314087390900e-01 3.912555286660790443e-02 6.916036363691091537e-03
7.467317581176757812e-01 2.488233726471662521e-01 3.801049257162958384e-03 6.438199779950082302e-04
6.442844867706298828e-03 3.235921263694763184e-01 4.434106796979904175e-01 2.265543490648269653e-01
8.752977848052978516e-02 7.918019667267799377e-01 1.012515667825937271e-01 1.941668801009654999e-02
6.970005929470062256e-01 2.973094633780419827e-01 4.864897637162357569e-03 8.250460377894341946e-04
1.073517799377441406e-01 7.939889878034591675e-01 8.311056345701217651e-02 1.554866880178451538e-02
8.478805720806121826e-01 1.497632770333439112e-01 2.015483885770663619e-03 3.406670002732425928e-04
3.113090991973876953e-03 1.886304020881652832e-01 4.300521314144134521e-01 3.782043755054473877e-01
3.122818470001220703e-02 6.788132190704345703e-01 2.343121655285358429e-01 5.564643070101737976e-02
9.177565574645996094e-03 4.038469791412353516e-01 4.168052524328231812e-01 1.701702028512954712e-01
1.231191158294677734e-01 7.911627441644668579e-01 7.237041648477315903e-02 1.334772352129220963e-02
3.375560045242309570e-02 6.925630867481231689e-01 2.221139594912528992e-01 5.156735330820083618e-02
1.639712452888488770e-01 7.731333225965499878e-01 5.330373067408800125e-02 9.591701440513134003e-03
1.281180381774902344e-01 7.896644398570060730e-01 6.945615354925394058e-02 1.276136841624975204e-02
6.100578010082244873e-01 3.815983245149254799e-01 7.131239282898604870e-03 1.212635193951427937e-03
3.059059381484985352e-02 6.750483512878417969e-01 2.375852689146995544e-01 5.677578598260879517e-02
2.464148998260498047e-01 7.148858718574047089e-01 3.292388236150145531e-02 5.775345955044031143e-03
1.099857091903686523e-01 7.937471270561218262e-01 8.112932741641998291e-02 1.513783633708953857e-02
1.579461097717285156e-01 7.764768451452255249e-01 5.555207561701536179e-02 1.002496946603059769e-02
2.134220600128173828e-01 7.403073385357856750e-01 3.931874549016356468e-02 6.951855961233377457e-03
3.216958045959472656e-02 6.841458380222320557e-01 2.296281829476356506e-01 5.405639857053756714e-02
4.234302043914794922e-02 7.282400429248809814e-01 1.882271878421306610e-01 4.118974879384040833e-02
5.410908460617065430e-01 4.478680528700351715e-01 9.432732709683477879e-03 1.608368358574807644e-03
5.880034863948822021e-01 4.028574051335453987e-01 7.809989736415445805e-03 1.329118735156953335e-03
3.121824264526367188e-01 6.596320681273937225e-01 2.401797100901603699e-02 4.167534410953521729e-03
1.159340739250183105e-01 7.928421497344970703e-01 7.694614492356777191e-02 1.427763141691684723e-02
5.132913589477539062e-02 7.529866695404052734e-01 1.617689654231071472e-01 3.391522914171218872e-02
3.794419765472412109e-02 7.118164896965026855e-01 2.042924538254737854e-01 4.594685882329940796e-02
9.952425956726074219e-03 4.230406284332275391e-01 4.080818593502044678e-01 1.589250862598419189e-01
2.930212020874023438e-02 6.670393645763397217e-01 2.444598972797393799e-01 5.919861793518066406e-02
7.660800218582153320e-02 7.864519506692886353e-01 1.145575363188982010e-01 2.238251082599163055e-02
3.778940439224243164e-02 7.111732065677642822e-01 2.049038968980312347e-01 4.613349214196205139e-02
2.737373113632202148e-02 6.539533734321594238e-01 2.554497569799423218e-01 6.322313845157623291e-02
2.181673049926757812e-02 6.070301532745361328e-01 2.926723808050155640e-01 7.848073542118072510e-02
4.263303875923156738e-01 5.562648680061101913e-01 1.485536247491836548e-02 2.549381926655769348e-03
1.062941551208496094e-02 4.387557506561279297e-01 4.003776758909225464e-01 1.502371579408645630e-01
1.504111289978027344e-02 5.220111310482025146e-01 3.523233234882354736e-01 1.106244325637817383e-01
3.719474077224731445e-01 6.063083410263061523e-01 1.854718383401632309e-02 3.197067417204380035e-03
4.161149263381958008e-02 7.257397919893264771e-01 1.907345093786716461e-01 4.191420599818229675e-02
5.892872810363769531e-03 3.046036958694458008e-01 4.468337893486022949e-01 2.426696419715881348e-01
1.835017204284667969e-01 7.611668072640895844e-01 4.695062246173620224e-02 8.380849845707416534e-03
9.493950977921485901e-01 4.990373988403007388e-02 5.999276036163792014e-04 1.012347202049568295e-04
5.502998828887939453e-03 2.904475927352905273e-01 4.485020339488983154e-01 2.555473744869232178e-01
1.054658889770507812e-01 7.940970733761787415e-01 8.458183519542217255e-02 1.585520245134830475e-02
8.790796995162963867e-02 7.919243723154067993e-01 1.008407548069953918e-01 1.932690292596817017e-02
2.524328231811523438e-02 6.377505064010620117e-01 2.686718776822090149e-01 6.833433359861373901e-02
5.574465394020080566e-01 4.322109734639525414e-01 8.836795226670801640e-03 1.505691907368600368e-03
1.673203706741333008e-02 5.471022427082061768e-01 3.357519507408142090e-01 1.004137694835662842e-01
1.811668872833251953e-01 7.626773193478584290e-01 4.764378257095813751e-02 8.512010797858238220e-03
3.424513936042785645e-01 6.328958459198474884e-01 2.101883734576404095e-02 3.633923130109906197e-03
9.182119369506835938e-02 7.929791584610939026e-01 9.675914049148559570e-02 1.844050735235214233e-02
