8.084737807512283325e-01 1.903416798450052738e-01 2.380676451139152050e-04 9.464717586524784565e-04
3.480885028839111328e-01 6.336666345596313477e-01 1.049623219296336174e-02 7.748630363494157791e-03
9.147650003433227539e-02 3.249482512474060059e-01 4.596303850412368774e-01 1.239448636770248413e-01
4.956442117691040039e-01 4.992874893359839916e-01 1.015454996377229691e-03 4.052843898534774780e-03
8.219444751739501953e-02 8.180561214685440063e-01 5.526083335280418396e-02 4.448859766125679016e-02
7.645295560359954834e-01 2.324235637206584215e-01 1.764286542311310768e-03 1.282593701034784317e-03
8.175760507583618164e-02 8.179705888032913208e-01 5.553584545850753784e-02 4.473596066236495972e-02
1.014476418495178223e-01 8.177628293633460999e-01 4.517268016934394836e-02 3.561684861779212952e-02
2.154487967491149902e-01 7.666478827595710754e-01 3.549906425178050995e-03 1.435341406613588333e-02
9.741190597414970398e-01 2.214605943299829960e-02 3.356547822477295995e-03 3.783330030273646116e-04
1.020866632461547852e-01 3.441271781921386719e-01 4.424415305256843567e-01 1.113446280360221863e-01
1.883212924003601074e-01 4.335069656372070312e-01 3.203252404928207397e-01 5.784650146961212158e-02
6.956660747528076172e-02 8.132672533392906189e-01 6.434348225593566895e-02 5.282265692949295044e-02
1.132779121398925781e-01 8.490126356482505798e-01 7.355727255344390869e-03 3.035372495651245117e-02
7.655465602874755859e-02 8.165452703833580017e-01 5.901153758168220520e-02 4.788853600621223450e-02
7.947337627410888672e-02 8.174396753311157227e-01 5.701518058776855469e-02 4.607176780700683594e-02
8.160933405160903931e-01 1.827797995647415519e-01 2.264857175759971142e-04 9.003742015920579433e-04
9.911268753930926323e-01 8.784297140664421022e-03 5.149942080606706440e-05 3.732804543687961996e-05
1.431611180305480957e-01 8.277481310069561005e-01 5.715373903512954712e-03 2.337537705898284912e-02
1.724593043327331543e-01 7.820900753140449524e-01 2.583493106067180634e-02 1.961568929255008698e-02
1.221246719360351562e-01 8.112951144576072693e-01 3.747920691967010498e-02 2.910100668668746948e-02
8.656293153762817383e-02 8.186525925993919373e-01 5.263903737068176270e-02 4.214543849229812622e-02
8.803486824035644531e-02 8.626627922058105469e-01 9.523592889308929443e-03 3.977874666452407837e-02
1.188911795616149902e-01 3.699352145195007324e-01 4.156823977828025818e-01 9.549120813608169556e-02
1.137028932571411133e-01 3.625168800354003906e-01 4.238380268216133118e-01 9.994219988584518433e-02
1.003177165985107422e-01 3.410954475402832031e-01 4.453032612800598145e-01 1.132835745811462402e-01
8.646076917648315430e-02 3.150040507316589355e-01 4.677113890647888184e-01 1.308237910270690918e-01
9.304209724068641663e-01 6.920479788095690310e-02 7.526110857725143433e-05 2.989686036016792059e-04
9.765994548797607422e-02 8.183562979102134705e-01 4.688661918044090271e-02 3.709713742136955261e-02
7.942175865173339844e-02 8.174260482192039490e-01 5.704940855503082275e-02 4.610278457403182983e-02
5.672848224639892578e-02 8.016432523727416992e-01 7.679060101509094238e-02 6.483766436576843262e-02
1.224106550216674805e-02 6.849622726440429688e-02 3.844910860061645508e-01 5.347716212272644043e-01
9.444570504128932953e-01 5.524862898164428771e-02 5.919419345445930958e-05 2.351264120079576969e-04
8.143395185470581055e-02 8.179039061069488525e-01 5.574124306440353394e-02 4.492089897394180298e-02
9.888657927513122559e-01 1.107784352643648162e-02 1.133819387177936733e-05 4.502552837948314846e-05
6.114813089370727539e-01 3.853480180259793997e-01 6.362260319292545319e-04 2.534447005018591881e-03
8.567440509796142578e-02 8.636092580854892731e-01 9.784974157810211182e-03 4.093136265873908997e-02
9.999754194650449790e-01 2.445747863077940565e-05 2.475527338674510247e-08 9.830105085484319716e-08
8.629208803176879883e-02 8.186287060379981995e-01 5.279506742954254150e-02 4.228413850069046021e-02
8.872592449188232422e-02 3.195685148239135742e-01 4.640712141990661621e-01 1.276343464851379395e-01
9.701052960008382797e-01 2.556533180177211761e-02 3.890583349857479334e-03 4.387888475321233273e-04
9.126913547515869141e-02 8.188159391283988953e-01 5.005379021167755127e-02 3.986113518476486206e-02
8.414310216903686523e-02 8.183791562914848328e-01 5.406301468610763550e-02 4.341472685337066650e-02
9.268862009048461914e-02 3.272637724876403809e-01 4.576684758067131042e-01 1.223791316151618958e-01
6.375909745693206787e-01 3.595715973060578108e-01 5.695095751434564590e-04 2.267918549478054047e-03
2.353270053863525391e-01 4.503096342086791992e-01 2.701225392520427704e-01 4.424082115292549133e-02
1.436271667480468750e-01 3.994619846343994141e-01 3.786233291029930115e-01 7.828751951456069946e-02
8.113700151443481445e-02 8.178402632474899292e-01 5.593090876936912537e-02 4.509182646870613098e-02
8.370685577392578125e-02 8.643407337367534637e-01 1.001292094588279724e-02 4.193948954343795776e-02
8.638644218444824219e-02 8.186372518539428711e-01 5.274059996008872986e-02 4.223570600152015686e-02
9.011000394821166992e-02 8.617726676166057587e-01 9.304035454988479614e-03 3.881329298019409180e-02
9.016239643096923828e-02 8.617495298385620117e-01 9.298611432313919067e-03 3.878946229815483093e-02
5.668222308158874512e-01 4.293665590230375528e-01 7.643629796802997589e-04 3.046847181394696236e-03
8.903217315673828125e-02 8.187960088253021240e-01 5.125366896390914917e-02 4.091814905405044556e-02
7.335822880268096924e-01 2.176711075007915497e-01 4.359972709789872169e-02 5.146877374500036240e-03
3.755635023117065430e-02 1.790823340415954590e-01 5.159305036067962646e-01 2.674308121204376221e-01
5.914306640625000000e-02 8.045230209827423096e-01 7.412804290652275085e-02 6.220586970448493958e-02
9.149974584579467773e-02 8.188123777508735657e-01 4.993291571736335754e-02 3.975496068596839905e-02
7.840293645858764648e-02 8.171408399939537048e-01 5.773305147886276245e-02 4.672317206859588623e-02
3.144550323486328125e-02 7.344649583101272583e-01 1.202757731080055237e-01 1.138137653470039368e-01
1.063655018806457520e-01 8.532728478312492371e-01 7.855597883462905884e-03 3.250605240464210510e-02
1.074513196945190430e-01 8.526252396404743195e-01 7.773168385028839111e-03 3.215027227997779846e-02
8.828181028366088867e-02 8.625595904886722565e-01 9.496990591287612915e-03 3.966160863637924194e-02
9.629367291927337646e-01 3.166160685941576958e-02 4.853666527196764946e-03 5.479974206537008286e-04
1.089351177215576172e-01 8.517267033457756042e-01 7.662978023290634155e-03 3.167520090937614441e-02
7.571840286254882812e-02 8.162410929799079895e-01 5.960693955421447754e-02 4.843356460332870483e-02
1.413490176200866699e-01 8.291378226131200790e-01 5.796339362859725952e-03 2.371682040393352509e-02
6.125422716140747070e-01 3.812202448025345802e-01 3.606920829042792320e-03 2.630562754347920418e-03
6.299167871475219727e-02 2.597024440765380859e-01 5.024565756320953369e-01 1.748493015766143799e-01
9.311002492904663086e-02 8.187588825821876526e-01 4.910335317254066467e-02 3.902773931622505188e-02
8.075386285781860352e-02 8.177547231316566467e-01 5.617731064558029175e-02 4.531410336494445801e-02
9.904676675796508789e-02 8.181647434830665588e-01 4.624594375491142273e-02 3.654254600405693054e-02
9.114207774400711060e-01 7.505128718912601471e-02 1.214537897612899542e-02 1.382556394673883915e-03
2.211024761199951172e-01 4.468673765659332275e-01 2.842450477182865143e-01 4.778509959578514099e-02
7.843989133834838867e-02 8.171516954898834229e-01 5.770800262689590454e-02 4.670041054487228394e-02
9.960021665319800377e-01 3.431786550208926201e-03 5.088713769509922713e-04 5.717554086004383862e-05
7.831674814224243164e-02 8.171154186129570007e-01 5.779151245951652527e-02 4.677632078528404236e-02
9.283024072647094727e-02 8.605297915637493134e-01 9.029660373926162720e-03 3.761030733585357666e-02
2.870681285858154297e-01 4.534386992454528809e-01 2.253239750862121582e-01 3.416919708251953125e-02
8.747887611389160156e-02 8.187212496995925903e-01 5.211741477251052856e-02 4.168245941400527954e-02
1.045611500740051270e-01 3.482619524002075195e-01 4.384478107094764709e-01 1.087290868163108826e-01
9.195351600646972656e-02 8.609394542872905731e-01 9.116481989622116089e-03 3.799054771661758423e-02
2.115972042083740234e-01 4.438219070434570312e-01 2.941787913441658020e-01 5.040209740400314331e-02
8.724659681320190430e-02 8.629869036376476288e-01 9.609468281269073486e-03 4.015703126788139343e-02
8.593606948852539062e-02 8.635079711675643921e-01 9.755361825227737427e-03 4.080059751868247986e-02
1.367353796958923340e-01 3.921316564083099365e-01 3.886179998517036438e-01 8.251496404409408569e-02
9.059942439198493958e-01 9.348659100942313671e-02 1.043968950398266315e-04 4.147681756876409054e-04
3.791087865829467773e-02 1.803895831108093262e-01 5.161773562431335449e-01 2.655221819877624512e-01
7.137989997863769531e-02 8.142872080206871033e-01 6.287825107574462891e-02 5.145464092493057251e-02
7.007522284984588623e-01 2.950281985104084015e-01 2.442119992338120937e-03 1.777452998794615269e-03
3.843826055526733398e-02 7.626970708370208740e-01 1.044091358780860901e-01 9.445553272962570190e-02
1.075936555862426758e-01 3.531648516654968262e-01 4.335730597376823425e-01 1.056684330105781555e-01
1.319198608398437500e-01 3.866170346736907959e-01 3.957580476999282837e-01 8.570505678653717041e-02
9.972810582257807255e-01 2.691889169000205584e-03 1.568467178003629670e-05 1.136793343903264031e-05
8.402782678604125977e-02 8.642251156270503998e-01 9.975086897611618042e-03 4.177197068929672241e-02
9.760266542434692383e-02 3.363162279129028320e-01 4.497025012969970703e-01 1.163786053657531738e-01
7.141208648681640625e-02 8.143041208386421204e-01 6.285281479358673096e-02 5.143097788095474243e-02
9.105263650417327881e-01 8.849950297735631466e-02 5.645611963700503111e-04 4.095707845408469439e-04
6.246989965438842773e-02 2.582873106002807617e-01 5.031091570854187012e-01 1.761336326599121094e-01
7.929241657257080078e-02 8.657720535993576050e-01 1.056095212697982788e-02 4.437457770109176636e-02
4.620144963264465332e-01 3.968675434589385986e-01 1.248009465634822845e-01 1.631701365113258362e-02
7.456493377685546875e-02 8.157847002148628235e-01 6.044612824916839600e-02 4.920423775911331177e-02
2.232158780097961426e-01 7.596612647175788879e-01 3.397317603230476379e-03 1.372553966939449310e-02
7.563605457544326782e-01 2.404532667715102434e-01 1.844843616709113121e-03 1.341343857347965240e-03
7.898241281509399414e-02 8.658607229590415955e-01 1.060149818658828735e-02 4.455536603927612305e-02
9.983103667618706822e-01 1.450875599402934313e-03 2.146482001990079880e-04 2.410943852737545967e-05
1.279325485229492188e-01 8.087122291326522827e-01 3.571755066514015198e-02 2.763767167925834656e-02
7.073359489440917969e-01 2.375026680529117584e-01 4.930186411365866661e-02 5.859518889337778091e-03
9.968997621908783913e-01 2.661619393620640039e-03 3.943193114537280053e-04 4.429910404724068940e-05
7.243299484252929688e-02 8.148223012685775757e-01 6.205480545759201050e-02 5.068989843130111694e-02
1.343989372253417969e-02 5.651318728923797607e-01 1.870792806148529053e-01 2.343489527702331543e-01
1.682275533676147461e-01 4.208199977874755859e-01 3.451535776257514954e-01 6.579887121915817261e-02
7.412070035934448242e-02 8.155970945954322815e-01 6.077506765723228455e-02 4.950713738799095154e-02
1.236594915390014648e-01 3.763525485992431641e-01 4.082925692200660706e-01 9.169539064168930054e-02
8.091431856155395508e-02 8.177910968661308289e-01 5.607384443283081055e-02 4.522074013948440552e-02
8.969308882951736450e-01 1.019301393534988165e-01 6.600491178687661886e-04 4.789232334587723017e-04
1.724536418914794922e-01 8.040872029960155487e-01 4.630409181118011475e-03 1.882874593138694763e-02
8.888387680053710938e-02 8.623049035668373108e-01 9.432654827833175659e-03 3.937856480479240417e-02
9.944429178722202778e-01 5.529107969778124243e-03 5.627443897537887096e-06 2.234671410406008363e-05
9.918584544211626053e-01 8.100455110252369195e-03 8.265848009614273906e-06 3.282462057541124523e-05
4.301412701606750488e-01 5.632702191360294819e-01 1.318422611802816391e-03 5.270088091492652893e-03
1.581596732139587402e-01 4.129268527030944824e-01 3.584338575601577759e-01 7.047961652278900146e-02
1.450283527374267578e-01 4.008748531341552734e-01 3.766240850090980530e-01 7.747270911931991577e-02
2.344790101051330566e-01 4.501397609710693359e-01 2.709404602646827698e-01 4.444076865911483765e-02
2.522484064102172852e-01 4.528330862522125244e-01 2.544015459716320038e-01 4.051696136593818665e-02
4.239088296890258789e-02 1.964155435562133789e-01 5.177377313375473022e-01 2.434558421373367310e-01
1.722909212112426758e-01 4.237012267112731934e-01 3.399551436305046082e-01 6.405270844697952271e-02
9.803195055574178696e-01 1.685578585602343082e-02 2.538808214012533426e-03 2.859003725461661816e-04
1.060734987258911133e-01 8.167553842067718506e-01 4.322419688105583191e-02 3.394692018628120422e-02
1.147910952568054199e-01 8.480391651391983032e-01 7.253723219037055969e-03 2.991601638495922089e-02
7.028706669807434082e-01 2.950175269506871700e-01 4.241141723468899727e-04 1.687691896222531796e-03
1.111251711845397949e-01 8.503732159733772278e-01 7.505271583795547485e-03 3.099634125828742981e-02
8.477648794651031494e-01 1.275232136249542236e-01 2.216037805192172527e-02 2.551528858020901680e-03
8.325874805450439453e-02 8.182443305850028992e-01 5.460077896714210510e-02 4.389614239335060120e-02
9.079325199127197266e-02 8.614684082567691803e-01 9.233716875314712524e-03 3.850462287664413452e-02
9.394838660955429077e-01 6.019377178745344281e-02 6.483297329396009445e-05 2.575291437096893787e-04
9.770783726125955582e-01 1.962238200940191746e-02 2.965172287076711655e-03 3.340730909258127213e-04
8.443349599838256836e-02 8.184192031621932983e-01 5.388853326439857483e-02 4.325876757502555847e-02
9.134811162948608398e-02 8.612173236906528473e-01 9.177323430776596069e-03 3.825724124908447266e-02
1.027579903602600098e-01 3.452610373497009277e-01 4.413568601012229919e-01 1.106241121888160706e-01
7.783311605453491211e-02 8.169682621955871582e-01 5.812180787324905396e-02 4.707681387662887573e-02
6.880354881286621094e-02 8.127990663051605225e-01 6.497872248291969299e-02 5.341866239905357361e-02
9.085059165954589844e-02 8.614426068961620331e-01 9.227864444255828857e-03 3.847893700003623962e-02
1.445018053054809570e-01 4.003469347953796387e-01 3.773740306496620178e-01 7.777722924947738647e-02
9.188294410705566406e-02 8.609720282256603241e-01 9.123541414737701416e-03 3.802148625254631042e-02
1.664246320724487305e-01 4.194868803024291992e-01 3.474897071719169617e-01 6.659878045320510864e-02
2.763080000877380371e-01 4.538493156433105469e-01 2.338741868734359741e-01 3.596849739551544189e-02
7.396626472473144531e-01 2.130236849188804626e-01 4.232480796054005623e-02 4.988859873265028000e-03
8.097261190414428711e-02 8.178040385246276855e-01 5.603639036417007446e-02 4.518695920705795288e-02
9.546042121946811676e-01 4.515778020140714943e-02 4.787076613865792751e-05 1.901368377730250359e-04
7.142370939254760742e-02 8.143102526664733887e-01 6.284362077713012695e-02 5.142241716384887695e-02
7.568734884262084961e-02 8.666988573968410492e-01 1.105046272277832031e-02 4.656333103775978088e-02
9.851058013737201691e-01 1.481851474818540737e-02 1.522436286904849112e-05 6.045951522537507117e-05
5.007089972496032715e-01 4.894931567832827568e-01 5.657174158841371536e-03 4.140671808272600174e-03
1.552670598030090332e-01 7.935124337673187256e-01 2.903841994702816010e-02 2.218208648264408112e-02
3.104227781295776367e-02 1.539927721023559570e-01 5.071723759174346924e-01 3.077925741672515869e-01
7.782250344753265381e-01 2.203503745840862393e-01 2.862579422071576118e-04 1.138332998380064964e-03
8.908290192484855652e-01 9.217285551130771637e-02 1.525541197042912245e-02 1.742713269777595997e-03
7.706600427627563477e-02 8.167203739285469055e-01 5.865277722477912903e-02 4.756084457039833069e-02
2.755119800567626953e-01 4.538595378398895264e-01 2.345215715467929840e-01 3.610691055655479431e-02
2.511637806892395020e-01 7.341301189735531807e-01 2.923561260104179382e-03 1.178253907710313797e-02
7.383041679859161377e-01 2.140636891126632690e-01 4.260820010676980019e-02 5.023942794650793076e-03
2.669608592987060547e-01 7.065148893743753433e-01 1.520442590117454529e-02 1.131982542574405670e-02
8.102566003799438477e-02 8.652465641498565674e-01 1.033943146467208862e-02 4.338834434747695923e-02
8.670085668563842773e-02 8.632065802812576294e-01 9.669750928878784180e-03 4.042281210422515869e-02
8.238637447357177734e-02 8.648004978895187378e-01 1.017135009169578552e-02 4.264177754521369934e-02
1.408665776252746582e-01 3.966030180454254150e-01 3.825946077704429626e-01 7.993579655885696411e-02
2.223853468894958496e-01 4.472312033176422119e-01 2.829354815185070038e-01 4.744796827435493469e-02
5.476381182670593262e-01 3.479748517274856567e-01 9.275695867836475372e-02 1.163007132709026337e-02
9.925838136114180088e-01 6.363038090057671070e-03 9.467247073189355433e-04 1.064235912053845823e-04
8.496153354644775391e-02 8.184869512915611267e-01 5.357377603650093079e-02 4.297773912549018860e-02
8.645725250244140625e-02 8.186435401439666748e-01 5.269977822899818420e-02 4.219942912459373474e-02
5.168207585811614990e-01 4.739875271916389465e-01 5.308575229719281197e-03 3.883138997480273247e-03
7.957577109336853027e-01 2.029590454185381532e-01 2.578847343102097511e-04 1.025358913466334343e-03
7.976746559143066406e-02 8.656329363584518433e-01 1.049938797950744629e-02 4.410021007061004639e-02
4.043107628822326660e-01 4.235776513814926147e-01 1.515548378229141235e-01 2.055674791336059570e-02
7.087200880050659180e-02 8.140143901109695435e-01 6.328247487545013428e-02 5.183112621307373047e-02
8.529173880815505981e-01 1.233280356973409653e-01 2.130404976196587086e-02 2.450526459142565727e-03
9.702974557876586914e-02 8.584564290940761566e-01 8.633524179458618164e-03 3.588030114769935608e-02
1.309849023818969727e-01 8.072482571005821228e-01 3.484781086444854736e-02 2.691902965307235718e-02
8.219605684280395508e-02 8.648645654320716858e-01 1.019456237554550171e-02 4.274481534957885742e-02
5.378657579421997070e-02 2.333824038505554199e-01 5.124454498291015625e-01 2.003855705261230469e-01
8.314090967178344727e-02 8.182249143719673157e-01 5.467316135764122009e-02 4.396101459860801697e-02
9.960746765136718750e-02 8.180786743760108948e-01 4.599130898714065552e-02 3.632254898548126221e-02
1.831850409507751465e-01 4.306246936321258545e-01 3.264648616313934326e-01 5.972540378570556641e-02
9.389036893844604492e-02 3.295266628265380859e-01 4.557215496897697449e-01 1.208614185452461243e-01
1.871899366378784180e-01 4.328921735286712646e-01 3.216657377779483795e-01 5.825215205550193787e-02
3.804547786712646484e-01 6.036433968693017960e-01 9.157547727227210999e-03 6.744276732206344604e-03
8.070832490921020508e-02 8.653464242815971375e-01 1.037935540080070496e-02 4.356589540839195251e-02
2.796996235847473145e-01 7.075723670423030853e-01 2.534386701881885529e-03 1.019362267106771469e-02
7.613664865493774414e-02 8.665963001549243927e-01 1.098722219467163086e-02 4.627982899546623230e-02
7.564556598663330078e-02 8.162135481834411621e-01 5.965931341052055359e-02 4.848157241940498352e-02
7.779389619827270508e-02 8.169559240341186523e-01 5.814878642559051514e-02 4.710139334201812744e-02
7.910788059234619141e-02 8.658250346779823303e-01 1.058505475521087646e-02 4.448202997446060181e-02
6.025493144989013672e-03 3.516685962677001953e-02 2.573230862617492676e-01 7.014845609664916992e-01
1.276636123657226562e-01 3.814589679241180420e-01 4.021727144718170166e-01 8.870470523834228516e-02
5.799974799156188965e-01 4.163904490415006876e-01 7.245405577123165131e-04 2.887530485168099403e-03
9.385682605206966400e-01 6.078268151031807065e-02 3.762148844543844461e-04 2.728430845309048891e-04
7.600069046020507812e-02 8.163462281227111816e-01 5.940476059913635254e-02 4.824832081794738770e-02
