1.287713050842285156e-01 7.972192242741584778e-01 8.231788873672485352e-03 6.577768176794052124e-02
4.895927906036376953e-01 4.945666734129190445e-01 5.984497256577014923e-03 9.856038726866245270e-03
2.300322055816650391e-01 4.469748139381408691e-01 2.634416371583938599e-01 5.955134332180023193e-02
1.721544861793518066e-01 7.740924917161464691e-01 6.094709038734436035e-03 4.765831306576728821e-02
1.619442105293273926e-01 7.640701234340667725e-01 2.690053731203079224e-02 4.708512872457504272e-02
4.080582261085510254e-01 5.700359288603067398e-01 8.244140073657035828e-03 1.366170495748519897e-02
8.253943920135498047e-02 7.709852606058120728e-01 5.052619427442550659e-02 9.594910591840744019e-02
1.413240432739257812e-01 7.729139402508735657e-01 3.092878311872482300e-02 5.483323335647583008e-02
1.708824634552001953e-01 7.749073915183544159e-01 6.143894046545028687e-03 4.806625097990036011e-02
1.245937943458557129e-01 3.750439882278442383e-01 3.830381631851196289e-01 1.173240542411804199e-01
2.105304598808288574e-01 4.411534965038299561e-01 2.820749059319496155e-01 6.624113768339157104e-02
1.232008934020996094e-01 3.732288479804992676e-01 3.849107399582862854e-01 1.186595186591148376e-01
8.457386493682861328e-02 7.722413837909698486e-01 4.951569437980651855e-02 9.366905689239501953e-02
2.072489261627197266e-01 7.495177984237670898e-01 4.950206726789474487e-03 3.828306868672370911e-02
7.774428725242614746e-01 2.181568476371467113e-01 1.674381084740161896e-03 2.725898753851652145e-03
1.623210906982421875e-01 7.638830691576004028e-01 2.683501690626144409e-02 4.696082323789596558e-02
1.803534626960754395e-01 7.686949074268341064e-01 5.792245268821716309e-03 4.515938460826873779e-02
8.867373093962669373e-01 1.112945377826690674e-01 7.500477368012070656e-04 1.218105084262788296e-03
1.832492351531982422e-01 7.667323239147663116e-01 5.691092461347579956e-03 4.432734847068786621e-02
5.722072720527648926e-01 4.163818685337901115e-01 4.323033615946769714e-03 7.087825797498226166e-03
2.976727485656738281e-01 6.671805642545223236e-01 1.311500743031501770e-02 2.203167974948883057e-02
1.885538101196289062e-01 7.491431273519992828e-01 2.283389493823051453e-02 3.946916759014129639e-02
1.310430765151977539e-01 7.963131144642829895e-01 8.090510964393615723e-03 6.455329805612564087e-02
1.344490647315979004e-01 3.870375752449035645e-01 3.699467331171035767e-01 1.085666269063949585e-01
3.415915966033935547e-01 4.428889155387878418e-01 1.803385987877845764e-01 3.518088907003402710e-02
2.651891112327575684e-01 4.516852796077728271e-01 2.333170808851718903e-01 4.980852827429771423e-02
2.127141356468200684e-01 4.419348537921905518e-01 2.799148634076118469e-01 6.543614715337753296e-02
1.373066902160644531e-01 7.935996279120445251e-01 7.721278816461563110e-03 6.137240305542945862e-02
1.499398946762084961e-01 7.695753127336502075e-01 2.913252636790275574e-02 5.135226622223854065e-02
1.394232511520385742e-01 7.735715508460998535e-01 3.134981542825698853e-02 5.565538257360458374e-02
1.385393142700195312e-01 7.738668918609619141e-01 3.154889866709709167e-02 5.604489520192146301e-02
1.478765606880187988e-01 4.011718034744262695e-01 3.526547998189926147e-01 9.829683601856231689e-02
4.097185134887695312e-01 5.735470168292522430e-01 1.962941139936447144e-03 1.477152854204177856e-02
1.540811061859130859e-01 7.677799835801124573e-01 2.832939848303794861e-02 4.980951175093650818e-02
2.177905440330505371e-01 7.415084242820739746e-01 4.671175032854080200e-03 3.602985665202140808e-02
1.117908358573913574e-01 8.024036213755607605e-01 9.435608983039855957e-03 7.636993378400802612e-02
1.839461326599121094e-01 7.662558741867542267e-01 5.667187273502349854e-03 4.413080587983131409e-02
9.953778963536024094e-01 4.567251260596094653e-03 6.530295650009065866e-06 4.832209015148691833e-05
6.948991119861602783e-01 2.983678607270121574e-01 2.558309119194746017e-03 4.174718167632818222e-03
1.632607579231262207e-01 4.146046042442321777e-01 3.337470814585685730e-01 8.838755637407302856e-02
2.444704771041870117e-01 4.497352540493011475e-01 2.505584172904491425e-01 5.523585155606269836e-02
9.645199701189994812e-01 3.491242160089313984e-02 2.164988836739212275e-04 3.511093964334577322e-04
7.156152129173278809e-01 2.782867103815078735e-01 2.317966893315315247e-03 3.780109807848930359e-03
2.358852028846740723e-01 4.482427239418029785e-01 2.581290043890476227e-01 5.774306878447532654e-02
4.860541820526123047e-01 5.016088346019387245e-01 1.452823169529438019e-03 1.088416017591953278e-02
2.361633181571960449e-01 4.482977688312530518e-01 2.578796967864036560e-01 5.765921622514724731e-02
5.601549148559570312e-02 2.379294037818908691e-01 4.643155783414840698e-01 2.417395263910293579e-01
1.360381841659545898e-01 7.746654748916625977e-01 3.212368115782737732e-02 5.717265978455543518e-02
2.060565352439880371e-01 7.504083551466464996e-01 4.983358085155487061e-03 3.855175152420997620e-02
3.409412503242492676e-01 6.300789527595043182e-01 1.085704937577247620e-02 1.812274754047393799e-02
2.127423882484436035e-01 7.453735694289207458e-01 4.801712930202484131e-03 3.708232939243316650e-02
1.261271238327026367e-01 7.982172593474388123e-01 8.401595056056976318e-03 6.725402176380157471e-02
8.685700148344039917e-01 1.296456285053864121e-01 2.121077850461006165e-04 1.572248875163495541e-03
1.518055200576782227e-01 7.687808796763420105e-01 2.876614779233932495e-02 5.064745247364044189e-02
4.087699651718139648e-01 4.203109443187713623e-01 1.442856881767511368e-01 2.663340233266353607e-02
1.409802436828613281e-01 3.942133784294128418e-01 3.614499345421791077e-01 1.033564433455467224e-01
4.773733615875244141e-01 5.060048960149288177e-01 6.276526488363742828e-03 1.034521590918302536e-02
2.143973708152770996e-01 7.320591509342193604e-01 1.973927393555641174e-02 3.380420431494712830e-02
1.558180451393127441e-01 7.669932469725608826e-01 2.800327911972999573e-02 4.918542876839637756e-02
9.967773410025984049e-01 3.172745608026161790e-03 1.904420423670671880e-05 3.086918513872660697e-05
1.980600357055664062e-01 7.562920339405536652e-01 5.214981734752655029e-03 4.043294861912727356e-02
1.823143959045410156e-01 7.673689648509025574e-01 5.723427981138229370e-03 4.459321126341819763e-02
9.211319684982299805e-02 8.035963773727416992e-01 1.126147806644439697e-02 9.302894771099090576e-02
4.164807796478271484e-01 4.170615226030349731e-01 1.406367793679237366e-01 2.582091838121414185e-02
1.464953422546386719e-01 7.891110703349113464e-01 7.228273898363113403e-03 5.716531351208686829e-02
9.455735459923744202e-01 5.353857966838404536e-02 3.385883755981922150e-04 5.492859636433422565e-04
9.985910296672955155e-01 1.392302674503298476e-03 1.984387381526175886e-06 1.468327081965981051e-05
9.789562225341796875e-02 7.775534614920616150e-01 4.368001222610473633e-02 8.087090402841567993e-02
1.385998129844665527e-01 3.916660547256469727e-01 3.645286485552787781e-01 1.052054837346076965e-01
2.115445137023925781e-01 7.340428605675697327e-01 2.004805207252502441e-02 3.436457365751266479e-02
8.264831006526947021e-01 1.702859892975538969e-01 1.230309251695871353e-03 2.000600798055529594e-03
1.375385522842407227e-01 7.741931155323982239e-01 3.177679702639579773e-02 5.649153515696525574e-02
2.736784815788269043e-01 4.518676698207855225e-01 2.266474403440952301e-01 4.780640825629234314e-02
1.639856696128845215e-01 4.151713252067565918e-01 3.328813388943672180e-01 8.796166628599166870e-02
2.100772261619567871e-01 7.350545898079872131e-01 2.020974457263946533e-02 3.465843945741653442e-02
9.919347437098622322e-01 6.907683913595974445e-03 1.003777870209887624e-03 1.537945063319057226e-04
1.695736646652221680e-01 7.601334601640701294e-01 2.562265098094940186e-02 4.467022418975830078e-02
8.213269710540771484e-02 8.012459427118301392e-01 1.243811845779418945e-02 1.041832417249679565e-01
2.473766207695007324e-01 4.501457214355468750e-01 2.480539269745349884e-01 5.442373082041740417e-02
2.183167338371276855e-01 7.292992658913135529e-01 1.932675018906593323e-02 3.305725008249282837e-02
2.623655200004577637e-01 4.515485167503356934e-01 2.355847693979740143e-01 5.050119385123252869e-02
1.644176840782165527e-01 7.789469473063945770e-01 6.404172629117965698e-03 5.023119598627090454e-02
2.058471441268920898e-01 4.393601417541503906e-01 2.867724299430847168e-01 6.802028417587280273e-02
2.096034884452819824e-01 7.477497197687625885e-01 4.885688424110412598e-03 3.776110336184501648e-02
1.031942367553710938e-01 8.037018701434135437e-01 1.016538590192794800e-02 8.293850719928741455e-02
9.576474502682685852e-01 3.608841728419065475e-02 5.428176780696958303e-03 8.359556668438017368e-04
9.137966483831405640e-01 8.509018924087285995e-02 1.324007753282785416e-04 9.807616006582975388e-04
2.669904828071594238e-01 4.517523646354675293e-01 2.318833731114864349e-01 4.937377944588661194e-02
8.492961376905441284e-01 1.479717432521283627e-01 1.040695933625102043e-03 1.691423123702406883e-03
4.371131062507629395e-01 5.433929320424795151e-01 7.347707636654376984e-03 1.214625407010316849e-02
1.412702798843383789e-01 7.729328870773315430e-01 3.094058856368064880e-02 5.485624447464942932e-02
1.847044229507446289e-01 4.291128218173980713e-01 3.091137781739234924e-01 7.706897705793380737e-02
1.403344273567199707e-01 3.935298621654510498e-01 3.622830808162689209e-01 1.038526296615600586e-01
9.061028286814689636e-01 9.229980956297367811e-02 6.088817026466131210e-04 9.884800529107451439e-04
1.586285233497619629e-01 7.824083194136619568e-01 6.652798503637313843e-03 5.231035873293876648e-02
2.292799949645996094e-01 4.467965662479400635e-01 2.641335204243659973e-01 5.978991836309432983e-02
7.039916515350341797e-02 7.602560073137283325e-01 5.738013237714767456e-02 1.119646951556205750e-01
8.925193995237350464e-01 1.056248130043968558e-01 7.072754669934511185e-04 1.148512004874646664e-03
1.419765949249267578e-01 3.952572643756866455e-01 3.601675257086753845e-01 1.025986149907112122e-01
4.666090011596679688e-02 7.589085847139358521e-01 1.908957958221435547e-02 1.753409355878829956e-01
3.450554609298706055e-02 1.659676432609558105e-01 4.534043669700622559e-01 3.461224436759948730e-01
9.147030115127563477e-02 7.755698263645172119e-01 4.633725434541702271e-02 8.662261813879013062e-02
7.912629842758178711e-01 2.056303473655134439e-01 3.688605502247810364e-04 2.737807808443903923e-03
9.890610314905643463e-01 1.076824164192657918e-02 6.513520929729565978e-05 1.055916582117788494e-04
1.083034276962280273e-01 8.030560389161109924e-01 9.720467031002044678e-03 7.892006635665893555e-02
9.950783583335578442e-01 4.217171284835785627e-03 6.109115784056484699e-04 9.355880320072174072e-05
7.725860327482223511e-01 2.228899570181965828e-01 1.721329987049102783e-03 2.802680246531963348e-03
1.834033727645874023e-01 4.283582568168640137e-01 3.105509057641029358e-01 7.768746465444564819e-02
1.466180682182312012e-01 3.999476730823516846e-01 3.542455360293388367e-01 9.918872267007827759e-02
8.438634872436523438e-02 7.721310853958129883e-01 4.960741847753524780e-02 9.387514740228652954e-02
1.570699810981750488e-01 7.664143145084381104e-01 2.777202799916267395e-02 4.874367639422416687e-02
1.888867616653442383e-01 4.314363002777099609e-01 3.045437186956405640e-01 7.513321936130523682e-02
1.060852408409118652e-01 7.787953689694404602e-01 4.065374284982681274e-02 7.446564733982086182e-02
5.745915174484252930e-01 3.299545720219612122e-01 8.164120186120271683e-02 1.381270866841077805e-02
7.537318319082260132e-01 2.412490355782210827e-01 1.909129554405808449e-03 3.110002959147095680e-03
2.378180027008056641e-01 7.150341309607028961e-01 1.745543815195560455e-02 2.969242818653583527e-02
9.291333258152008057e-01 6.996647111373022199e-02 1.070912694558501244e-04 7.931118016131222248e-04
2.062238454818725586e-01 7.502835951745510101e-01 4.978682845830917358e-03 3.851387649774551392e-02
2.497820854187011719e-01 7.159528397023677826e-01 3.955878317356109619e-03 3.030919656157493591e-02
9.251888766884803772e-01 7.385681488085538149e-02 1.135224010795354843e-04 8.407860295847058296e-04
1.116724014282226562e-01 8.024284169077873230e-01 9.445063769817352295e-03 7.645411789417266846e-02
9.126037359237670898e-02 3.220827579498291016e-01 4.281400144100189209e-01 1.585168540477752686e-01
6.236433982849121094e-02 2.558071017265319824e-01 4.603859335184097290e-01 2.214426249265670776e-01
3.829692602157592773e-01 4.302729070186614990e-01 1.571793481707572937e-01 2.957848459482192993e-02
3.077973127365112305e-01 4.494676589965820312e-01 2.019269019365310669e-01 4.080812633037567139e-02
1.320582628250122070e-01 3.842608034610748291e-01 3.730946406722068787e-01 1.105862930417060852e-01
9.826946258544921875e-02 3.350249528884887695e-01 4.187901169061660767e-01 1.479154676198959351e-01
3.151171207427978516e-01 4.483669400215148926e-01 1.970231644809246063e-01 3.949277475476264954e-02
1.472341418266296387e-01 7.706839293241500854e-01 2.967768535017967224e-02 5.240424349904060364e-02
1.736424565315246582e-01 7.731313258409500122e-01 6.037943065166473389e-03 4.718827456235885620e-02
3.691958189010620117e-01 6.110196039080619812e-01 2.314349636435508728e-03 1.747022755444049835e-02
1.415410041809082031e-01 7.916011139750480652e-01 7.487334311008453369e-03 5.937054753303527832e-02
1.342470049858093262e-01 3.868060111999511719e-01 3.702120706439018250e-01 1.087349131703376770e-01
1.482588052749633789e-01 7.702703028917312622e-01 2.946927025914192200e-02 5.200162157416343689e-02
1.152701377868652344e-01 8.015978485345840454e-01 9.165436029434204102e-03 7.396657764911651611e-02
1.761944293975830078e-01 7.714633978903293610e-01 5.942590534687042236e-03 4.639958217740058899e-02
4.470833539962768555e-01 4.030589908361434937e-01 1.269963998347520828e-01 2.286125533282756805e-02
1.647903919219970703e-01 7.626380175352096558e-01 2.641202881932258606e-02 4.615956172347068787e-02
7.926958054304122925e-01 2.042243450414389372e-01 3.656849730759859085e-04 2.714164555072784424e-03
3.820540308952331543e-01 4.305988997220993042e-01 1.576571557670831680e-01 2.968991361558437347e-02
1.968190670013427734e-01 7.439110763370990753e-01 2.176669239997863770e-02 3.750316426157951355e-02
7.964509725570678711e-02 7.689559906721115112e-01 5.202684551477432251e-02 9.937206655740737915e-02
1.521592736244201660e-01 7.860820777714252472e-01 6.949830800294876099e-03 5.480881780385971069e-02
8.555390834808349609e-01 1.209592781960964203e-01 2.031745528802275658e-02 3.184183035045862198e-03
1.087368726730346680e-01 8.029838874936103821e-01 9.684287011623382568e-03 7.859495282173156738e-02
1.401764154434204102e-01 3.933618962764739990e-01 3.624870926141738892e-01 1.039745956659317017e-01
4.600127935409545898e-01 3.966554701328277588e-01 1.216073520481586456e-01 2.172438427805900574e-02
1.771447062492370605e-01 4.245104789733886719e-01 3.175676092505455017e-01 8.077720552682876587e-02
2.385121583938598633e-01 7.145115546882152557e-01 1.739389635622501373e-02 2.958239056169986725e-02
9.892093054950237274e-01 1.066184794763103127e-02 1.533844624646008015e-05 1.135081110987812281e-04
5.460232496261596680e-02 7.344666272401809692e-01 6.906446814537048340e-02 1.418665796518325806e-01
2.152191996574401855e-01 7.434837669134140015e-01 4.736963659524917603e-03 3.656006976962089539e-02
7.114345729351043701e-01 2.837967178784310818e-01 5.653635598719120026e-04 4.203345626592636108e-03
1.373379826545715332e-01 7.742574736475944519e-01 3.182279691100120544e-02 5.658174678683280945e-02
9.607133790850639343e-01 3.865566471358761191e-02 2.406517742201685905e-04 3.903044271282851696e-04
1.132062077522277832e-01 3.592665195465087891e-01 3.984617441892623901e-01 1.290655285120010376e-01
1.135502457618713379e-01 8.020147085189819336e-01 9.297303855419158936e-03 7.513774186372756958e-02
1.123803853988647461e-01 3.580357432365417480e-01 3.995877653360366821e-01 1.299961060285568237e-01
1.971173286437988281e-01 7.437178753316402435e-01 2.172964811325073242e-02 3.743514791131019592e-02
2.814899086952209473e-01 4.517449140548706055e-01 2.207011543214321136e-01 4.606402292847633362e-02
1.605460643768310547e-01 7.812791168689727783e-01 6.568737328052520752e-03 5.160608142614364624e-02
6.295692920684814453e-01 2.930550351738929749e-01 6.636715959757566452e-02 1.100851316004991531e-02
5.943500995635986328e-01 3.952224245294928551e-01 3.952913451939821243e-03 6.474562454968690872e-03
1.094821095466613770e-01 8.028537854552268982e-01 9.622551500797271729e-03 7.804155349731445312e-02
1.874688863754272461e-01 7.638239711523056030e-01 5.548678338527679443e-03 4.315846413373947144e-02
1.367269754409790039e-01 7.938633412122726440e-01 7.754258811473846436e-03 6.165542453527450562e-02
4.207298755645751953e-01 4.152207523584365845e-01 1.386640015989542007e-01 2.538537047803401947e-02
5.334722101688385010e-01 3.556956946849822998e-01 9.455742873251438141e-02 1.627466641366481781e-02
1.922693848609924316e-01 4.332047700881958008e-01 3.009023293852806091e-01 7.362351566553115845e-02
1.486817002296447754e-01 4.019446074962615967e-01 3.516404628753662109e-01 9.773322939872741699e-02
3.557737469673156738e-01 6.170297972857952118e-01 1.020063459873199463e-02 1.699582114815711975e-02
6.234261095523834229e-01 3.673342233523726463e-01 3.505240660160779953e-03 5.734426435083150864e-03
3.765733838081359863e-01 5.985037852078676224e-01 9.361499920487403870e-03 1.556133106350898743e-02
1.834000349044799805e-01 7.666293792426586151e-01 5.685903131961822510e-03 4.428468272089958191e-02
1.419321894645690918e-01 7.914102524518966675e-01 7.466353476047515869e-03 5.919120460748672485e-02
2.286404371261596680e-01 4.466422200202941895e-01 2.647234424948692322e-01 5.999390035867691040e-02
9.301489591598510742e-02 7.761374413967132568e-01 4.567345231771469116e-02 8.517421036958694458e-02
1.403023004531860352e-01 3.934956789016723633e-01 3.623245880007743835e-01 1.038774326443672180e-01
2.081296443939208984e-01 7.488579191267490387e-01 4.925921559333801270e-03 3.808651491999626160e-02
4.940664768218994141e-02 7.215726524591445923e-01 7.382254302501678467e-02 1.551981568336486816e-01
2.116958498954772949e-01 7.461681813001632690e-01 4.829466342926025391e-03 3.730650246143341064e-02
1.885063648223876953e-01 4.312314689159393311e-01 3.049561381340026855e-01 7.530602812767028809e-02
7.992191463708877563e-01 1.969172039534896612e-01 1.470673596486449242e-03 2.392976079136133194e-03
1.431393623352050781e-01 7.722581252455711365e-01 3.053535893559455872e-02 5.406715348362922668e-02
1.422386169433593750e-01 3.955292701721191406e-01 3.598311096429824829e-01 1.024010032415390015e-01
9.424835145473480225e-01 4.889318719506263733e-02 7.470136974006891251e-03 1.153161283582448959e-03
2.068821787834167480e-01 4.397705197334289551e-01 2.857265695929527283e-01 6.762073189020156860e-02
1.252143979072570801e-01 7.774247974157333374e-01 3.482559323310852051e-02 6.253521144390106201e-02
1.339117288589477539e-01 7.951082661747932434e-01 7.917776703834533691e-03 6.306222826242446899e-02
9.995006456156261265e-01 4.934524981763388496e-04 7.026624189165886492e-07 5.199223778618033975e-06
6.176835298538208008e-02 7.860938310623168945e-01 1.564078032970428467e-02 1.364970356225967407e-01
5.008718073368072510e-01 4.839759403839707375e-01 5.726956762373447418e-03 9.425295516848564148e-03
1.260559558868408203e-01 7.772544547915458679e-01 3.460201993584632874e-02 6.208756938576698303e-02
9.093248844146728516e-02 8.034430444240570068e-01 1.139039546251296997e-02 9.423407167196273804e-02
8.863952457904815674e-01 9.566472284495830536e-02 1.552128745242953300e-02 2.418743912130594254e-03
7.166957855224609375e-02 2.796734571456909180e-01 4.518427699804306030e-01 1.968141943216323853e-01
2.041902542114257812e-01 7.517955079674720764e-01 5.035970360040664673e-03 3.897826746106147766e-02
3.378951549530029297e-01 6.327402796596288681e-01 1.099847815930843353e-02 1.836608722805976868e-02
1.472192406654357910e-01 7.706898376345634460e-01 2.968075498938560486e-02 5.241016671061515808e-02
