2.521246336087907824e-01 7.182277151321379005e-01 1.544346227286756863e-02 1.420418898620378831e-02
3.299581710247257438e-01 6.040328321277460555e-01 3.853310252307231426e-02 2.747589432445596974e-02
3.961073707638139707e-01 3.012851004971141000e-01 2.373336326543158681e-01 6.527389608475607508e-02
3.902549418337258880e-01 5.671586856913175545e-01 2.479351937402493600e-02 1.779285310093147582e-02
2.771975493612992003e-01 6.617003454712693244e-01 3.441206655669249576e-02 2.669003861073912520e-02
3.212540739216289687e-01 6.169546578151418048e-01 3.190457899919445922e-02 2.988668926403480544e-02
2.578849581639620636e-01 6.783324490386640759e-01 3.830214144699194134e-02 2.548045135038198850e-02
2.388587059231523646e-01 7.012384999201524138e-01 3.500006324782322514e-02 2.490273090887196172e-02
3.484497593344968447e-01 6.172868338264474453e-01 1.807024011174679021e-02 1.619316672730897883e-02
3.250119093458965769e-01 3.133759895809370422e-01 2.965382342484902400e-01 6.507386682467616867e-02
3.515511620060000064e-01 3.323225964408333954e-01 2.511442307246395944e-01 6.498201082852714250e-02
3.747056000361428385e-01 3.264947236070407932e-01 2.263836019129338295e-01 7.241607444388258041e-02
3.842603203908876441e-01 5.493334522864005143e-01 3.358398791671179245e-02 3.282223940599998668e-02
3.365928495018453703e-01 6.308510561162037344e-01 1.699381822973693168e-02 1.556227615221387681e-02
2.742634160652602238e-01 6.648029250698419546e-01 3.422442154342960480e-02 2.670923732146823076e-02
2.577015829758585452e-01 6.834014291888914627e-01 3.423776155664690068e-02 2.465922627860320238e-02
3.438908374958468683e-01 6.199743759857120340e-01 1.964712382519748224e-02 1.648766269324355299e-02
3.092515469088698010e-01 6.400219430406396404e-01 2.719691472388289025e-02 2.352959532660780020e-02
3.300758375422618851e-01 6.366907370816561329e-01 1.742909556028971602e-02 1.580432981579221047e-02
3.223076864074283510e-01 6.153121788550305338e-01 3.441559220671335656e-02 2.796454253082771013e-02
2.689132064964193658e-01 6.706025307061467267e-01 3.411795286681361394e-02 2.636630993062020339e-02
2.363094926294466158e-01 7.099362757581151318e-01 2.996838347467120633e-02 2.378584813776719181e-02
2.902012927584504687e-01 6.734554937227095195e-01 1.820535278730312650e-02 1.813786073153683329e-02
3.569393013751810950e-01 3.322287515352316811e-01 2.449705079891213721e-01 6.586143910046575456e-02
3.593423085567022945e-01 3.345527695804807466e-01 2.385888686124711944e-01 6.751605325034575056e-02
4.121655113611620846e-01 2.978178437055797878e-01 2.272874258958774429e-01 6.272921903738076788e-02
3.667570006959647855e-01 3.428800070262292832e-01 2.226708003930475410e-01 6.769219188475837645e-02
3.975115213260997371e-01 5.711940057137486759e-01 1.636580895172720304e-02 1.492866400842444811e-02
3.265657069557170722e-01 6.130659810541888577e-01 3.400222403292882389e-02 2.636608795716516990e-02
2.665992675558405689e-01 6.690165220016500713e-01 3.743470959754468391e-02 2.694950084496477993e-02
2.613157550097613413e-01 6.791454525333512349e-01 3.246719179237587960e-02 2.707160066451152342e-02
2.988923138843334049e-01 3.492229774573487044e-01 2.780070288395526390e-01 7.387767981876534884e-02
3.751367023189027816e-01 5.962841338030986371e-01 1.476449351053852992e-02 1.381467036746009298e-02
3.063985377849823277e-01 6.353029142734051282e-01 3.269711738457243416e-02 2.560143055704015153e-02
3.747341789817926760e-01 5.944860886091085650e-01 1.611158575370184864e-02 1.466814665539696930e-02
1.911748161629218679e-01 7.741631308519244525e-01 1.633948954278833035e-02 1.832256344236538395e-02
2.921629362051424983e-01 6.757229906035131517e-01 1.674732800437675820e-02 1.536674518696751549e-02
3.885032876296464210e-01 5.806069403458702372e-01 1.623930308949161558e-02 1.465046893499179909e-02
3.187242120310889160e-01 6.139551548502688583e-01 3.939832743597870141e-02 2.792230568266350355e-02
3.258305236649017278e-01 3.772574763731040837e-01 2.306982765485413589e-01 6.621372341345277412e-02
3.076839211581194888e-01 4.531792187924232329e-01 1.797008788315823391e-01 5.943598121787495303e-02
2.860193030252593527e-01 6.531983467585954495e-01 3.496911152743818058e-02 2.581323868870702420e-02
2.795761476450414618e-01 6.562219062857478358e-01 3.714802909062455555e-02 2.705391697858602201e-02
3.401077953512867680e-01 3.558194928239777344e-01 2.379042721393050397e-01 6.616843968543049959e-02
4.567057172864769088e-01 5.069932823924139242e-01 1.657411523230610181e-02 1.972688508880305475e-02
3.298505308280160198e-01 3.579777776331953820e-01 2.414177003921213205e-01 7.075399114666727773e-02
3.080781896204242698e-01 3.333250080109836366e-01 2.781676109948039710e-01 8.042919137378806704e-02
2.576101588546456655e-01 6.817212854959858737e-01 3.417554818459084265e-02 2.649300746477773263e-02
3.510869260732830122e-01 6.116478808868789363e-01 2.146080158846385214e-02 1.580439145137412307e-02
2.781616471691106263e-01 6.575478883919546602e-01 3.632835882968461771e-02 2.796210560925000907e-02
3.512826073951331729e-01 6.104414326360586562e-01 1.966851741856286834e-02 1.860744255024525742e-02
2.590406169150216154e-01 7.076471869918060653e-01 1.735380479363863443e-02 1.595839129953377858e-02
4.367276848451923654e-01 5.299102609922108353e-01 1.649780345521606809e-02 1.686425070738070339e-02
1.911181965929076298e-01 7.545185074884090959e-01 3.145452173033483345e-02 2.290877418834850326e-02
3.616760995640397880e-01 3.024592605547334889e-01 2.623662312541950592e-01 7.349840862703159450e-02
3.535610366514624903e-01 3.385901878157667189e-01 2.339340765783860243e-01 7.391469895438484983e-02
3.516127666414030073e-01 5.774709875039173435e-01 3.741064083362448389e-02 3.350560502105510985e-02
3.316995114831231550e-01 6.121725752338780246e-01 3.016312783387942176e-02 2.596478544911938122e-02
2.777851542130371221e-01 6.628911254610995174e-01 3.252709787328509489e-02 2.679662245257819972e-02
3.663646228140401973e-01 5.690071263943715651e-01 3.504446308183398195e-02 2.958378770975418279e-02
2.790712385957286878e-01 6.873998999840811308e-01 1.610120211207074006e-02 1.742765930811946209e-02
2.988671137304075298e-01 6.676168177965355888e-01 1.834086933050963278e-02 1.517519914254720700e-02
3.273454468360147418e-01 6.374459088230906012e-01 1.890519801016160226e-02 1.630344633073292984e-02
3.126435616224317871e-01 3.882164356454930743e-01 2.342644938046607450e-01 6.487550892741451858e-02
2.664784176991952247e-01 7.016616940292346172e-01 1.698377803259576435e-02 1.487611023897444582e-02
3.385296029395661876e-01 5.989189324299418749e-01 3.558842351770234724e-02 2.696304111278959026e-02
4.107297640871667155e-01 5.576183603986172299e-01 1.619409525711885262e-02 1.545778025709715862e-02
3.191000597894861346e-01 6.162454839637204751e-01 3.886667894840087345e-02 2.578777729839266952e-02
3.320709914758198655e-01 3.611317558309161124e-01 2.392807744545189241e-01 6.751647823874501464e-02
2.346695180828495264e-01 7.109909905458297041e-01 2.690715101628935596e-02 2.743234035503128512e-02
3.731070829809940981e-01 5.608135240954106315e-01 4.062186000828830329e-02 2.545753291530698792e-02
2.856773889739954719e-01 6.514428432814727277e-01 3.550786991591261404e-02 2.737189782861925574e-02
4.107345652489950982e-01 3.023751658654809660e-01 2.143693197718509469e-01 7.252094911367297503e-02
3.489537422062695682e-01 3.409758589998159173e-01 2.426779212092611826e-01 6.739247758465331806e-02
2.779750397067495271e-01 6.532045569833715426e-01 3.729974563277695110e-02 3.152065767710199307e-02
3.690832698936272749e-01 3.667188199354945999e-01 2.050511667826274698e-01 5.914674338825069017e-02
3.087105159480666439e-01 6.244858230731238358e-01 3.572733747033449841e-02 3.107632350847506011e-02
3.607321198987814004e-01 6.026941311354283570e-01 2.103733135028904022e-02 1.553641761550125788e-02
3.828327127319760548e-01 3.305315559804048453e-01 2.218828818651474577e-01 6.475284942247153119e-02
2.207417447946624367e-01 7.239458755974730320e-01 3.205505963382898615e-02 2.325731997403564580e-02
4.062109879159121473e-01 2.991472656180045320e-01 2.316895064353707290e-01 6.295224003071275831e-02
2.825641697992729573e-01 6.764012864984385587e-01 2.436229004271821610e-02 1.667225365957029568e-02
3.620449057454018793e-01 3.348791456662752464e-01 2.372294271270094790e-01 6.584652146131353412e-02
3.021453389115618116e-01 6.579321438626533070e-01 2.209912584165617602e-02 1.782339138412853546e-02
2.398498299712202575e-01 7.267017404906810363e-01 1.776415391329306051e-02 1.568427562480562490e-02
4.291912653778012787e-01 2.827065820488381398e-01 2.259565546669363989e-01 6.214559790642436299e-02
4.408432543700609996e-01 5.275595224774404235e-01 1.661653459391359763e-02 1.498068855858503828e-02
3.715323093999714499e-01 3.015721393057544941e-01 2.644248008198928357e-01 6.247075047438132439e-02
3.724133942888263604e-01 5.493377374749093267e-01 4.213799588617454100e-02 3.611087235008977187e-02
3.361181284002718317e-01 5.974988285725647552e-01 3.939597693830560604e-02 2.698706608885797012e-02
2.920855571980147114e-01 6.459919157045567184e-01 3.476734692612153121e-02 2.715518017130708409e-02
3.408221886336936790e-01 3.565375147223504015e-01 2.356054452554917911e-01 6.703485138846410063e-02
3.517633565143803431e-01 3.368301344847272061e-01 2.432597820002522226e-01 6.814672700064026978e-02
2.564769148856706482e-01 6.848050048886894503e-01 3.395621012757300133e-02 2.476187009806700076e-02
3.896106285017557624e-01 5.749407580126755235e-01 1.859037779474699906e-02 1.685823569082170459e-02
3.212991630554731803e-01 3.671319524046289806e-01 2.474089041793376409e-01 6.415998036056010101e-02
2.356650825170053254e-01 6.984479194442111405e-01 4.001657905599523279e-02 2.587041898278827357e-02
3.217933160698251971e-01 6.163578458871814547e-01 3.452198406042559370e-02 2.732685398256760184e-02
3.551640178621076616e-01 3.384122106252259177e-01 2.389667798074778804e-01 6.745699170518847099e-02
3.149777899480901144e-01 6.430250986307238792e-01 2.232317941159864261e-02 1.967393200958734642e-02
3.331863484993237701e-01 3.370517784164221986e-01 2.549954158436185114e-01 7.476645724063557541e-02
3.003512431290260576e-01 6.314108178294215445e-01 3.819924266033594695e-02 3.003869638121645785e-02
3.829906846957563671e-01 5.830569845417997721e-01 1.790215804558208113e-02 1.605017271686181440e-02
4.004319269036237250e-01 5.572732440835737044e-01 2.378647720968964790e-02 1.850835180311299899e-02
2.818019065322338590e-01 6.802934419792949772e-01 2.011015771278559447e-02 1.779449377568554855e-02
4.087597796113951465e-01 3.111892149191228252e-01 2.207356240092584743e-01 5.931538146022354019e-02
3.547908772927929610e-01 5.809788740808147223e-01 3.437459079564429004e-02 2.985565783074814114e-02
3.986865661992272658e-01 3.146943592928753697e-01 2.214181709468153458e-01 6.520090356108201868e-02
4.070000057470615218e-01 2.982776688501105888e-01 2.291043363990048487e-01 6.561798900382302679e-02
3.148102942762311396e-01 6.149364005984463422e-01 3.599132420212776406e-02 3.426198092319471256e-02
3.105287676522565654e-01 6.255591079445579350e-01 3.297725210192024164e-02 3.093487230126545223e-02
3.815537052240055016e-01 3.181188339808877497e-01 2.343802258921465487e-01 6.594723490296028334e-02
2.468450519525742515e-01 6.945270989721595845e-01 3.343628985818505178e-02 2.519155921708103596e-02
4.085616232077186605e-01 3.473141700941573262e-01 1.883914067139480231e-01 5.573279998417610126e-02
2.583342921577361229e-01 6.854687630118894148e-01 3.007510319842966393e-02 2.612184163194483308e-02
2.814204887221182227e-01 6.555499302162981490e-01 3.589161382748516649e-02 2.713796723409839934e-02
4.047067862521436243e-01 5.609912122411276902e-01 1.790024874037986213e-02 1.640175276634900023e-02
3.439827416118330650e-01 6.145773065719714046e-01 2.015918530808646567e-02 2.128076650810907869e-02
3.907291569433528622e-01 5.781140821836773247e-01 1.666101304703306377e-02 1.449574782593662271e-02
4.798390703658542145e-01 4.851592105894683704e-01 1.923113986965348243e-02 1.577057917502402984e-02
3.476835045802706969e-01 6.213016607928363300e-01 1.705450503938809106e-02 1.396032958750502949e-02
3.493576634426355243e-01 3.194684701687121042e-01 2.615532258860202020e-01 6.962064050263212789e-02
3.575893546412626800e-01 3.000536991222432226e-01 2.753338368687698878e-01 6.702310936772419570e-02
4.192704363533951706e-01 3.334494237909208514e-01 1.880105046681551650e-01 5.926963518752876442e-02
3.589365814154834577e-01 3.403364745440154437e-01 2.324718603369798076e-01 6.825508370352122156e-02
3.532196616062220906e-01 3.253129600502862595e-01 2.546875893962829984e-01 6.677978894720858205e-02
3.721653908813513656e-01 3.207098027401170670e-01 2.398449676748541926e-01 6.727983870367736097e-02
4.030339287845320362e-01 2.985142601125532202e-01 2.323132759222797106e-01 6.613853518063515791e-02
3.109269808628442600e-01 6.316415772220171920e-01 3.197114811226059450e-02 2.546029380287783903e-02
3.485194369415178794e-01 6.178232138041730437e-01 1.703266173007636150e-02 1.662468752423278476e-02
4.069729214839232778e-01 5.618615522058435507e-01 1.514017858351735836e-02 1.602534772671588420e-02
3.210165865666433360e-01 6.475686611301739726e-01 1.628771239715336855e-02 1.512703990602936970e-02
3.423541992081077234e-01 3.489019664548614341e-01 2.347038917494226606e-01 7.403994258760825120e-02
2.403100188609455790e-01 7.013837370083149114e-01 3.341187261527367447e-02 2.489437151546593230e-02
2.624223910259601000e-01 7.031642931825511367e-01 1.790698960709330434e-02 1.650632618439532712e-02
3.410036935546827408e-01 6.156655193633160383e-01 2.321426084703585163e-02 2.011652623496552883e-02
4.186624886618479646e-01 2.818310876546912813e-01 2.351146851346861688e-01 6.439173854877459913e-02
2.684743941723860550e-01 6.689937398743653896e-01 3.464536383647554008e-02 2.788650211677285926e-02
4.034444106421162246e-01 5.589006039409825100e-01 2.110778730334231593e-02 1.654719811355891482e-02
4.096534595247605659e-01 3.073859219557855682e-01 2.141236675457378891e-01 6.883695097371592131e-02
2.694568380935775109e-01 6.763882504772434912e-01 3.058387104561074293e-02 2.357104038356824111e-02
2.087644356593672534e-01 6.959357711653265666e-01 5.962433169296078861e-02 3.567546148234531506e-02
3.324281134939486848e-01 6.308179752693222619e-01 2.031876011770763699e-02 1.643515111902138504e-02
3.638663239950452599e-01 3.245282634116680165e-01 2.453375387199432656e-01 6.626787387334351354e-02
3.474220583849466637e-01 5.903195014894329073e-01 3.673293499334633061e-02 2.552550513227399426e-02
3.540220490600323178e-01 3.352529550583105977e-01 2.427146438614374846e-01 6.801035202021961379e-02
3.877565096486649265e-01 3.138795871531988579e-01 2.320487281508738786e-01 6.631517504726223977e-02
3.776883224718361465e-01 2.979907565505580669e-01 2.602256950845397432e-01 6.409522589306601570e-02
2.913216334352085601e-01 6.465075113094865822e-01 3.294158077221565756e-02 2.922927448308913767e-02
4.141204032448785322e-01 5.536435532483106048e-01 1.677944809177968344e-02 1.545659541503128023e-02
2.718914517829599808e-01 6.519101779694548293e-01 4.615808755605033120e-02 3.004028269153488986e-02
3.312592168420795402e-01 6.296101441152835987e-01 2.079342223687497687e-02 1.833721680576166566e-02
5.848413389726589973e-01 3.636113194938093152e-01 3.169553148628920930e-02 1.985181004724235337e-02
2.228370520601748728e-01 7.233479561791792412e-01 2.903200432814797421e-02 2.478298743249803676e-02
3.314312175090201040e-01 6.062442664769090994e-01 3.551059327823104239e-02 2.681392273583994498e-02
3.482865327028685787e-01 3.356775777281843509e-01 2.424215154659456473e-01 7.361437410300140927e-02
3.160583164675886958e-01 6.513271199542562950e-01 1.734249346762774951e-02 1.527207011052730476e-02
3.439603126587873483e-01 3.436434462172503479e-01 2.410499784522019406e-01 7.134626267176040482e-02
2.941550046315222766e-01 6.416521884744105231e-01 3.709643321084418743e-02 2.709637368322305798e-02
3.444500329423746954e-01 3.673118892442769901e-01 2.250843152496963817e-01 6.315376256365198837e-02
3.197312248233978860e-01 6.454921741901334942e-01 1.876588607326858810e-02 1.601071491320000748e-02
4.028846719627410256e-01 3.035206599133655203e-01 2.279050157149258571e-01 6.568965240896766644e-02
3.690898272872737418e-01 5.742363937271275365e-01 3.119430254111220727e-02 2.547947644448645549e-02
2.810404248756369072e-01 6.853775932375004709e-01 1.789938473201517152e-02 1.568259715484758218e-02
3.366250056542445246e-01 6.204513322409572762e-01 2.177979452298104898e-02 2.114386758181724738e-02
2.890236591277157707e-01 6.761426154887375528e-01 1.898056346282497517e-02 1.585316192072170130e-02
3.632717153544739452e-01 3.534422725569763002e-01 2.185872265847276230e-01 6.469878550382215932e-02
4.711657505364541532e-01 2.566029468761580890e-01 1.996719209333265854e-01 7.255938165406113083e-02
3.563021169513431730e-01 3.482846834785525147e-01 2.301832471529600965e-01 6.522995241714418801e-02
3.595739789887118509e-01 3.996015332643527707e-01 1.812787705830140872e-01 5.954571716392139530e-02
3.183032262284117286e-01 6.161668653546807928e-01 3.549245974249241181e-02 3.003744867441507024e-02
2.642562243803177058e-01 6.891614897462453593e-01 2.545848541270049822e-02 2.112380046073644713e-02
3.699447929075984076e-01 5.674118120736643123e-01 3.147284922223845399e-02 3.117054579649869775e-02
3.348893313974752872e-01 6.326153085720261915e-01 1.696316962928195657e-02 1.553219040121654390e-02
3.045729863304895146e-01 6.603712650545950913e-01 1.666073797690838590e-02 1.839501063800689715e-02
3.606904722785093664e-01 3.448217203725249536e-01 2.285017011784697405e-01 6.598610617049599503e-02
2.971369496161527790e-01 6.278125006136613395e-01 4.447802914028871346e-02 3.057252062989707087e-02
3.454137563402025490e-01 3.422547853928331607e-01 2.453025744852246615e-01 6.702888378173960104e-02
3.922499055460557105e-01 5.729125179335822216e-01 1.933003363671844180e-02 1.550754288364353424e-02
3.428350628822001700e-01 5.797291114964362446e-01 4.318996043184417793e-02 3.424586518951927561e-02
3.485190641797042965e-01 6.102481718536274524e-01 2.331016890604516861e-02 1.792259506062298530e-02
3.993770724645485659e-01 2.601545519824288721e-01 2.715007884415232553e-01 6.896758711149930665e-02
3.245742414338839699e-01 6.117436151785349274e-01 3.651755838418628552e-02 2.716458500339490739e-02
2.512241714664320558e-01 6.842279943819646881e-01 3.757479086009819086e-02 2.697304329150508606e-02
3.654871033488851784e-01 3.096774502159750919e-01 2.591239023831773403e-01 6.571154405196241721e-02
4.172118040505325975e-01 3.270131729935047415e-01 1.958345947220118122e-01 5.994042823395081404e-02
3.349909518747540838e-01 3.610805902395596290e-01 2.365995140952080744e-01 6.732894379047806022e-02
2.488156756855533780e-01 6.902551183621583597e-01 3.525130126929035962e-02 2.567790468299798595e-02
4.357156138300820603e-01 5.295762290618123425e-01 1.855925996414624357e-02 1.614889714395950984e-02
4.368996755280025734e-01 5.282864440648165072e-01 1.862486568341532867e-02 1.618901472376562192e-02
2.545949401341447427e-01 7.056440493147557724e-01 2.124639130051266672e-02 1.851461925058681471e-02
2.635379862632036274e-01 6.708837884405599583e-01 3.769067855567932029e-02 2.788754674055705235e-02
2.851080906846540919e-01 6.546614816613192112e-01 3.227556995898669956e-02 2.795485769504006679e-02
3.894413522242903825e-01 5.729054134739564041e-01 1.857262932018536802e-02 1.908060498156789395e-02
4.293895953580739167e-01 2.544407402737727808e-01 2.602532290950294036e-01 5.591643527312383649e-02
3.428203646652324132e-01 3.253761901304664250e-01 2.658546609328361621e-01 6.594878427146494415e-02
3.560540749805630734e-01 6.088440927665563773e-01 1.922295922319594216e-02 1.587887302968460715e-02
3.168005934971717674e-01 6.252344050103172401e-01 3.172324354642206551e-02 2.624175794608906570e-02
2.891137631289577570e-01 6.403837307855032579e-01 3.901510308583986536e-02 3.148740299969923773e-02
