1303
208
422
1189
397
131
639
788
904
244
1453
759
1292
771
1163
1130
223
906
973
436
1250
627
1226
1278
105
900
74
375
833
1003
1244
20
523
1451
1454
1132
100
708
1237
987
553
1253
341
1293
2
287
181
646
1421
45
1378
832
29
883
1039
740
358
294
501
715
1289
916
472
428
619
130
1375
559
1234
758
957
711
194
283
924
1262
1369
892
530
1017
1095
574
195
348
805
982
533
256
693
47
663
138
1031
437
1475
806
635
1096
1067
1359
1056
1013
1036
1021
942
335
1236
731
698
148
367
1104
444
240
588
577
374
769
50
1410
254
946
440
864
23
768
1124
569
145
1282
858
97
1332
1213
852
1190
808
861
30
1119
684
853
608
1334
610
425
798
701
462
582
1098
421
1445
126
116
1263
1393
958
255
1159
682
1005
423
923
947
360
1083
1338
212
816
153
767
710
902
868
70
656
189
1060
657
101
1487
603
1302
302
312
455
566
863
1365
259
713
1433
106
790
1439
633
1109
310
565
1057
834
724
1455
459
1231
323
1460
1486
727
919
1265
547
1255
25
350
1470
1185
867
951
822
1270
879
149
836
675
86
878
1352
564
1324
1320
636
395
914
371
847
278
584
1069
870
626
857
1465
773
1198
1047
196
282
297
53
1441
876
1172
617
457
1264
1068
891
103
1420
1436
1425
899
518
961
180
324
587
1340
94
1085
1029
343
704
1458
1229
151
318
571
1164
1281
489
299
1148
956
840
390
1461
898
184
975
1077
527
293
1326
757
668
164
147
48
1415
1144
1347
719
54
860
270
258
903
962
838
1385
793
276
1118
1203
446
1114
1145
336
1066
60
1061
989
859
855
1315
1419
917
700
1166
113
1442
1463
985
1462
570
555
994
1180
246
1218
875
1246
851
1193
1099
197
443
729
944
794
1053
1139
901
214
909
347
109
1019
1457
782
803
1248
624
13
1403
228
943
80
1301
108
835
893
1108
1186
11
406
373
156
1182
1386
399
392
815
252
203
292
752
339
872
1402
1398
266
660
666
265
467
830
801
1297
1089
926
690
880
583
856
419
578
706
93
288
929
967
1033
809
1136
1339
594
1204
1093
1444
67
1221
305
534
56
403
866
281
478
1087
1467
1283
461
37
1394
718
712
1480
1300
342
925
1356
1370
249
1260
1416
1471
104
551
1192
168
844
1274
26
966
541
915
546
1440
1243
631
1037
1178
213
971
846
720
959
1129
1395
722
1418
413
1076
804
936
1432
733
762
271
1122
628
405
1382
401
881
1179
789
1321
677
609
447
1024
753
549
331
200
1211
976
1376
430
1134
322
1
226
1239
383
1133
680
369
556
408
187
705
576
429
997
209
1018
1306
354
192
1183
75
426
427
992
1259
1252
295
1364
1196
630
634
391
641
1142
1023
1286
32
669
1409
33
679
969
253
215
557
807
85
451
1050
133
580
491
114
1063
686
36
248
552
839
84
1404
1103
621
492
365
250
1311
818
207
670
1429
647
6
304
837
225
613
111
268
1327
941
31
289
142
17
1187
748
251
685
632
9
1233
127
193
370
1489
1001
415
1008
599
1046
179
776
1206
1101
1232
3
528
199
1305
220
224
1238
171
333
418
1032
1082
328
1065
734
1200
831
703
439
332
640
960
964
778
58
607
83
316
1086
721
49
649
420
662
1191
1284
1333
937
1062
592
702
1344
1080
849
218
1000
468
652
137
167
1456
16
562
464
1482
1042
1412
1257
770
591
1354
201
1156
765
780
1225
317
66
188
1207
1336
1241
237
611
1443
122
593
963
1484
945
741
927
871
496
814
1217
1360
1228
1205
1097
885
540
1070
308
1331
688
90
509
821
1010
874
1383
625
12
139
1469
1081
651
554
219
563
99
800
1268
500
1072
1291
912
165
522
1330
1212
829
110
144
890
1167
913
983
659
88
572
330
222
1105
1194
409
1473
1184
1408
1117
605
442
175
723
380
1345
1210
928
1464
817
1059
954
894
811
337
1329
152
529
315
615
402
400
140
1406
1141
1488
277
18
1316
519
211
952
1181
280
558
417
4
687
381
979
24
735
0
1483
61
68
319
738
1485
1112
230
1251
435
525
1372
359
1100
661
242
65
396
1348
205
382
1280
539
921
1350
386
819
261
41
1373
579
1295
974
747
263
1188
1353
1174
227
1318
933
22
448
544
309
536
911
362
91
543
1399
393
598
650
664
1290
674
998
1054
1422
568
895
1276
799
404
134
756
510
438
841
968
1025
1407
1074
311
573
387
896
1138
298
10
52
363
1162
366
862
143
364
163
1384
516
775
1197
644
737
38
1414
1431
59
1116
314
257
313
433
1343
78
1215
1287
643
645
345
154
949
279
112
1261
1474
1227
119
377
791
787
918
981
476
1313
1349
845
887
1466
57
1437