1356
1262
1159
838
936
404
193
904
259
1338
364
1261
866
1000
968
1275
902
938
1105
202
1166
1257
860
775
1001
924
455
900
1266
282
691
1259
313
1061
1299
415
491
634
862
852
173
853
342
13
635
1109
671
438
928
356
299
45
1085
788
769
509
1470
143
59
1454
38
93
1098
399
649
434
68
1340
892
593
126
1365
1466
156
752
401
1053
80
549
1114
311
41
730
151
1370
533
302
1196
1205
927
1116
619
9
780
319
454
1404
2
426
246
1463
425
632
1429
706
117
781
1010
187
917
213
1021
1246
1122
817
23
876
1297
849
700
1268
1337
1367
309
564
672
975
1484
599
1067
255
1321
675
946
20
33
1381
657
1170
839
770
314
1291
615
241
831
590
1042
541
819
645
1469
191
316
982
686
1005
972
1208
566
402
583
489
1327
1234
754
359
279
403
1442
287
1155
1068
197
420
196
551
114
1260
594
351
970
547
122
527
1124
768
74
653
120
859
992
603
662
569
1183
101
949
1220
621
575
1384
1324
628
704
804
697
1178
182
1167
134
811
1290
703
1063
1355
1331
1057
871
1079
467
610
981
585
1145
1455
57
1294
354
1439
222
759
1080
1456
225
1181
16
154
1243
330
644
400
1390
253
175
105
577
226
773
104
918
957
969
785
652
321
587
1434
201
224
864
633
271
408
1217
326
962
597
898
1036
582
451
1029
315
1407
1060
367
794
1350
830
1264
428
66
288
1332
1419
1416
570
464
518
1383
1385
528
148
343
433
1369
679
456
1202
427
1103
670
558
581
1300
324
612
960
86
1402
1188
552
1037
1348
56
1425
540
275
525
1451
767
919
128
1318
142
784
1457
458
827
60
429
1190
280
12
1335
67
91
580
1055
1311
8
952
341
215
578
108
472
1465
651
553
579
1281
1250
1482
1192
1156
543
0
1083
1074
329
1244
374
554
238
391
897
1201
519
207
277
885
248
1415
563
556
1375
845
863
978
1248
119
218
463
1487
1398
1475
534
943
501
1197
912
138
799
29
127
1414
1316
1018
687
298
833
419
147
627
1485
869
589
1326
361
352
17
636
709
1097
358
457
976
734
1203
476
1462
1065
779
1024
727
815
212
376
1483
1303
396
380
753
951
808
1426
1054
844
149
1025
608
668
787
530
688
1343
1087
1012
3
209
1019
1144
1352
223
421
1089
395
336
531
65
915
748
406
1486
568
1471
436
332
1408
1391
592
112
1467
829
682
1353
654
693
1344
1158
90
133
1213
266
320
639
459
835
791
31
1112
1445
881
383
789
53
1473
847
423
1372
1265
129
11
256
664
1405
516
891
1129
841
974
643
611
925
268
1480
858
1207
322
1422
21
1095
230
855
247
684
894
1305
1460
1069
392
144
1295
571
157
365
1062
923
294
164
809
1276
348
880
956
680
500
440
387
346
257
145
661
1289
1357
1139
1071
192
798
338
508
765
523
656
942
1070
756
887
728
181
25
26
1339
1431
555
1458
805
72
1221
626
888
331
1200
642
705
1232
964
745
909
565
450
872
802
973
448
630
979
1056
323
347
1249
895
1218
1270
629
1164
832
971
1194
251
724
1421
1310
1193
249
61
1072
1032
1283
965
389
103
685
1368
214
220
1403
484
55
947
998
417
75
152
335
790
515
1035
698
1293
1443
1177
263
713
1393
6
437
270
1013
1189
199
955
646
24
994
37
30
544
48
723
276
1278
254
439
1174
58
677
890
1280
868
903
203
1050
1417
786
1082
289
1238
189
911
85
1378
244
442
492
1376
1387
1142
711
659
1107
82
813
1396
274
959
625
184
106
926
441
591
1399
1314
1488
806
1394
36
1215
822
84
1136
1351
954
1049
961
130
1047
264
366
977
933
1141
113
708
1313
1245
609
1225
878
893
444
468
1286
1161
1292
360
328
715
504
983
219
375
837
317
171
99
1176
1263
950
312
1101
818
1223
353
1453
1118
737
283
163
1076
131
548
183
1086
640
368
447
297
496
308
532
304
750
1364
461
1323
1212
310
879
771
821
914
1096
431
1362
443
1301
228
50
757
167
731
937
1441
52
722
363
1206
35
861
1093
170
741
1077
208
997
622
1342
237
371
1233
1333
1366
1325
588
165
405
1306
650
1119
1334
1017
1104
1224
886
778
1241
843
1046
1130
284
422
73
344
194
1302
967
945
1382
733
345
617
46
816
576
1329
1354
258
1108
1406
669
1347
1251
1
1409
812
430
1359
641
793
985
1226
89
100
242
206
265
559
382
573
1044
1489
88
1287
987
1395
200
110
318
1252
907
233
1033
1210
1358
1031
1397
1271
800
409
660
1132
720
1349
1330
958
1163
1253
782
386
901
1411
803
941
695
989
362
1131
758
1185
521
295
1255
690
658
1227
1211
663
252
814
899
139
337
584
710