665
671
856
1204
213
379
1022
459
511
544
1236
349
1250
707
966
50
956
641
589
1021
1275
1084
158
421
360
97
726
57
110
506
603
42
927
1066
70
714
1085
1126
712
601
63
355
985
19
967
1044
303
1265
638
964
1281
586
576
1272
329
381
884
804
565
150
326
270
667
1321
1008
1181
614
602
1
95
1296
51
1059
1222
947
719
109
351
642
1212
710
1150
1292
112
720
115
430
657
1252
863
136
764
420
919
680
1010
481
1009
217
813
446
841
926
9
561
277
931
887
275
358
1190
520
1092
249
806
619
539
1064
146
800
229
549
1259
530
61
553
377
482
695
227
356
185
633
797
492
1002
127
662
970
870
670
684
111
262
1072
334
137
175
1172
490
276
169
4
316
190
67
789
1185
890
218
272
646
494
687
348
969
855
168
310
412
474
41
1276
776
328
868
212
531
258
762
342
1106
1198
1267
734
554
916
62
1045
18
766
483
1031
156
32
1173
1112
1025
1048
471
1018
237
279
706
1095
1251
44
103
1208
1323
570
485
8
445
1163
1308
100
460
396
164
1305
395
1291
1249
407
1243
96
1315
795
1109
737
959
1074
860
1299
182
209
1164
401
299
134
131
908
1049
71
816
387
431
533
792
740
1280
820
666
600
440
568
760
1001
335
1149
644
320
826
172
840
472
798
773
1268
546
443
1086
742
1063
961
1216
904
711
508
977
306
708
898
318
1147
896
260
451
159
85
453
1257
1304
439
652
1273
423
871
233
271
1194
86
1006
1248
756
234
458
787
497
20
1033
989
40
1193
197
273
996
1322
177
828
811
880
1188
547
645
74
102
920
308
117
995
803
1111
1080
1290
850
661
1101
1258
378
741
940
562
921
607
204
106
914
25
865
116
93
694
26
999
1082
1247
510
713
449
502
749
1071
462
858
386
434
1171
1026
984
207
368
757
736
801
968
1157
986
1052
960
393
311
535
297
864
911
1034
529
733
699
1309
1078
724
957
1028
611
899
609
528
398
152
186
584
744
1168
60
571
729
808
587
1240
784
436
444
45
616
1154
582
901
718
1209
937
515
1136
388
885
1037
982
759
1318
1224
1242
265
1301
1119
354
912
1093
411
626
228
289
49
842
648
575
305
223
149
1217
598
743
1053
604
958
98
53
224
1015
1120
630
1029
951
489
192
588
620
391
221
1061
37
715
157
1079
934
373
178
992
24
721
140
1141
1041
578
477
390
56
615
295
362
466
869
194
905
1102
817
322
924
1177
1146
649
394
1057
625
203
1306
807
193
1076
1169
1213
161
1138
1133
403
205
878
1035
33
1124
596
1152
104
87
1091
123
1099
333
345
557
866
1253
955
236
592
853
1201
293
538
785
825
199
415
1142
11
933
1324
701
778
818
486
631
269
624
836
404
1042
35
88
635
739
321
581
151
141
1114
422
1005
1238
17
327
1180
618
448
254
3
21
810
1081
1175
55
1199
1108
716
268
1000
907
1046
241
364
1189
31
848
559
944
702
132
68
847
794
953
1234
174
1182
822
1235
668
240
782
1058
949
723
745
617
162
1297
1206
767
761
1179
476
383
126
1019
1039
65
135
89
47
296
1162
7
1302
998
821
414
980
307
154
419
1256
902
834
1221
350
815
495
392
1040
324
408
14
274
621
1131
1077
988
380
501
693
875
735
0
1088
879
332
936
496
1151
1160
852
1232
39
1166
52
405
365
413
304
1113
202
372
325
338
1110
1196
424
935
632
312
754
888
1121
975
591
799
651
1207
915
845
418
1244
298
176
893
945
426
839
613
867
22
330
281
942
1096
375
525
1289
504
376
195
1043
114
491
518
658
1319
824
909
790
447
696
1155
572
1103
513
728
1178
278
198
314
1127
758
58
1197
877
1161
775
215
991
567
755
540
659
805
73
874
672
147
1062
894
1165
514
1300
1226
484
594
543
339
1098
780
1023
160
928
1186
301
1167
469
1286
765
862
750
882
564
1218
400
791
232
255
1067
196
300
363
291
954
1158
768
1130
1097
84
655
876
963
505
406
341
545
574
569
579
128
352
1012
674
941
384
1187
170
636
1270
1055
1125
948
319
121
1139
214
15
1203
917
751
487
441
455
389
563
219
1210
746
470
179
284
1003
738
1295
500
435
1184
678
1116
54
698
978
1038
1192
1089
686
823
323
627
830
302
79
629
1134
1030
499
622
946
1143
634
78
891
1293
705
913
1195
854
402
639
250
802
148
244
1090
488
230
222
692
266
30
1036
139
663
1129
1317
1237
1241
859
1024
69
682
552
38
264
153
457
206
873
709
429
1316
1047
130
1200
238
253
259
857
183
16
99
886
191
763
1225
697