934
1208
875
547
38
1031
1251
115
421
1267
256
233
528
146
888
245
132
748
1092
1110
1300
180
921
739
1124
633
390
1313
112
1258
911
1164
1080
398
712
49
28
358
1230
1254
195
790
531
997
768
775
47
532
478
283
230
861
504
949
190
515
561
961
1086
88
519
92
192
869
908
718
1061
1024
260
308
613
791
1174
243
262
188
1090
506
1053
33
697
74
756
716
926
714
598
424
1034
249
636
356
662
858
616
58
630
543
291
327
1238
564
600
368
232
1190
351
686
451
936
240
1116
179
828
850
1168
1077
428
575
96
1041
1166
66
646
157
991
46
300
864
196
1085
248
656
525
674
375
464
237
413
191
710
1025
535
1181
774
590
979
640
1188
995
1187
324
362
1157
1203
1165
4
1143
631
889
282
205
1315
90
604
1001
641
624
491
749
668
745
1066
715
313
1036
817
25
1121
735
18
365
160
1198
259
404
725
89
542
52
1180
466
484
1224
379
959
1301
602
595
333
1021
1015
615
307
422
1131
663
545
293
910
317
181
1152
274
24
512
193
13
857
1101
800
867
1008
1246
763
708
724
367
258
122
827
746
1154
546
1035
1162
520
39
834
689
586
627
976
1111
202
1236
614
606
1097
797
411
268
209
407
540
334
297
870
688
330
824
582
842
131
607
872
783
310
1209
960
255
384
1289
206
311
1114
878
165
1290
750
527
1189
1059
352
328
1193
184
489
117
15
955
1176
120
685
1058
76
3
273
589
941
1245
1269
898
492
846
487
1087
707
1256
481
312
153
935
909
579
497
1241
1185
350
1235
207
445
559
1006
1117
1005
1146
1049
483
93
670
952
1324
1123
1297
693
355
1
684
456
97
174
1202
1299
1291
1215
557
203
1161
224
1100
1042
386
890
1316
779
1272
147
204
699
270
1074
782
852
1082
448
329
219
1295
336
1026
1022
588
1078
938
776
399
836
847
459
594
510
434
79
821
444
796
576
958
1079
419
1160
1088
1129
1106
284
897
621
14
1233
778
915
1240
40
651
318
378
514
1043
417
496
928
54
648
1242
896
530
354
578
6
383
550
266
281
332
998
738
314
477
502
1280
989
919
980
453
141
1265
722
144
441
1310
954
71
218
1288
944
439
511
882
1091
549
661
342
744
1096
577
104
275
345
1028
1047
223
914
176
917
292
802
339
1108
42
918
185
1055
467
1018
591
225
408
596
198
426
212
123
907
696
106
1163
8
85
213
348
810
402
325
1057
567
818
580
1109
1052
1277
996
1221
175
415
1151
199
617
1040
271
794
359
1147
771
963
244
1120
222
572
253
767
977
971
323
501
537
762
57
316
815
1279
1293
1171
729
508
634
620
755
789
241
1213
806
1218
765
1206
899
110
395
1115
1210
1126
349
306
145
629
405
871
924
373
880
156
709
78
458
581
135
30
86
1276
1223
1102
1046
113
518
807
891
1204
975
690
622
1155
470
568
1009
392
1167
360
111
1145
320
1104
538
234
183
1205
841
866
1323
862
761
933
290
845
784
1148
853
1308
1178
721
1158
264
498
773
19
102
11
885
752
396
740
913
286
1192
742
1226
682
702
372
1130
109
1229
1067
55
970
436
1195
495
99
465
978
216
751
381
1286
67
1140
499
187
927
672
140
406
303
476
886
611
338
1127
1016
623
1250
37
823
967
227
10
1089
1309
27
947
1135
1194
1137
403
822
1207
1064
942
173
972
877
435
985
163
361
565
805
1220
269
813
21
301
780
1273
1039
1169
50
879
931
9
1275
101
397
98
100
177
1175
0
425
151
652
1270
619
1232
1182
1069
65
905
831
414
638
901
953
69
826
849
632
1200
200
723
220
474
1038
626
62
393
969
7
1010
1217
51
553
1179
321
302
298
289
539
808
1253
280
423
447
1073
1159
649
848
215
570
335
659
61
1103
150
1281
446
1234
505
171
1237
644
1141
1119
1045
940
265
493
299
733
811
1029
1247
982
1149
966
479
523
1321
1139
471
1320
250
304
816
246
951
194
743
469
172
1136
494
884
804
1298
587
1199
430
863
1222
486
1060
666
948
840
1098
221
457
726
48
1296
855
1184
75
1076
562
363
1037
639
939
844
152
214
1212
137
385
839
130
1306
603
341
1003
17
754
276
657
635
618
170
114
149
63
945
1259
1249
95
1186
1322
1216
655
1095
125
679
168
957
431
1225
440
676
31
1056
671
480
734
1317
154
819
295
41
825
1113
694
865
468
766
1248
158
44
394
1244
665
705
279
642
968
820
242
764
454
377
148
678
473
881
574
999
134
988
1211
737
420
533
449
551
490
719
770
1044
874
70
128
162
1196
772
475
1072
1084
830