964
321
1166
1174
1344
808
422
13
1316
315
1334
1083
1182
1318
112
202
566
611
645
373
640
1250
1330
641
67
1202
791
188
1227
1462
70
106
110
322
11
78
1074
94
1080
1018
1162
1440
115
419
1134
902
1378
55
1282
253
1353
218
280
1069
1315
145
534
1287
1233
53
333
577
356
1133
142
29
584
1257
921
982
837
1372
1046
956
298
472
314
1271
642
605
144
1082
950
456
634
720
6
299
1095
582
860
521
965
1426
704
1063
798
1453
981
247
442
374
631
1077
1367
913
690
24
83
1239
462
396
1355
719
1399
786
669
212
1067
1266
1395
592
1384
1483
1012
527
1141
684
722
1101
1053
1431
3
30
450
1415
1253
515
1332
721
1429
844
569
1280
261
1191
691
393
445
998
406
45
1229
1138
666
1037
1115
1474
458
1299
341
324
16
263
758
1294
1189
1188
59
276
952
852
1417
206
564
700
284
1321
47
496
1065
1130
464
328
581
802
271
879
931
118
1406
56
997
75
900
572
254
805
111
1489
615
1379
1291
717
326
1313
165
193
1258
389
833
1190
1347
426
779
1107
117
166
992
323
903
297
1394
1179
554
706
866
1467
874
1419
763
209
1342
701
723
1371
1032
622
886
2
1349
715
25
618
834
765
1326
1103
101
1238
1139
1031
737
593
454
309
1017
662
1301
399
838
1404
109
867
1329
652
757
58
661
1397
598
1079
1236
97
10
552
750
1275
804
304
558
793
924
320
843
731
1470
1003
1093
846
858
694
1382
674
962
1136
819
400
835
1097
347
1215
850
1086
972
643
246
697
60
546
1469
626
1221
427
628
1369
933
1366
607
448
654
1281
771
1422
401
1364
351
430
1023
1383
1117
977
753
1170
762
660
1035
211
1466
248
461
12
1210
431
780
749
1456
1072
951
883
391
194
91
1398
971
346
803
1486
949
358
258
148
893
1131
609
1109
329
941
523
872
421
516
382
500
650
50
404
390
1228
279
330
128
979
1105
1062
960
1255
845
1432
1183
467
338
1451
331
608
909
227
734
1471
1104
1337
974
340
1314
354
841
1465
1416
1036
171
1184
249
1403
295
890
168
901
395
966
1234
256
1407
99
179
728
1226
853
33
447
226
1368
1259
337
994
137
975
230
928
887
89
252
181
864
894
849
653
1246
1311
1283
574
335
830
219
1350
599
435
789
1225
851
1357
175
942
629
761
915
806
224
589
985
693
531
610
815
1434
85
594
65
754
1387
1303
116
735
769
151
434
912
644
74
1211
72
1112
46
287
578
659
242
1340
1385
281
132
911
1370
557
885
770
344
446
183
730
1457
1059
1249
1261
855
1409
1323
1118
892
814
1001
405
207
138
105
1375
233
484
1454
1464
317
923
588
23
491
1089
695
228
8
1293
199
759
1386
370
82
153
1297
21
969
1439
682
870
1197
613
191
1331
1373
1167
1060
712
365
213
1013
1485
686
827
591
1021
250
1302
579
1207
1354
587
1443
1463
549
571
899
812
35
223
958
817
625
1276
108
423
316
651
1411
989
152
525
713
449
379
308
548
1241
238
1
1307
1458
1050
646
508
336
1343
1061
1220
1178
945
61
93
801
597
420
1155
139
1129
1339
187
936
1132
1194
617
1217
428
585
1148
1235
987
944
376
377
575
408
633
1359
957
745
403
255
277
1300
756
418
1071
1116
711
173
48
1305
868
122
318
1263
794
920
925
241
1410
205
748
897
88
1487
532
813
689
1393
339
718
970
476
1200
862
1145
1056
127
565
266
1391
702
1348
1005
1455
1358
959
369
1044
170
1187
559
126
895
807
832
103
1231
861
533
724
1289
1054
1110
222
332
257
350
1345
1057
1436
787
612
1480
84
1070
978
52
926
100
1185
73
478
679
20
1212
463
433
274
371
163
1172
522
1087
635
1286
361
57
1192
131
1223
80
184
888
954
1251
1437
891
785
1218
904
896
68
752
1260
976
553
703
583
167
1351
671
781
544
438
836
1008
288
773
436
441
1193
251
275
831
387
939
636
509
1039
225
289
1122
656
203
937
809
1114
1363
961
343
1146
1142
1336
733
1475
1144
747
1204
1265
510
22
201
113
293
680
381
240
310
963
133
1324
1381
375
1224
114
767
180
1418
630
788
1198
1356
36
1338
778
541
130
675
1445
1414
875
312
119
560
1213
306
632
149
688
1163
799
1033
345
847
1181
1325
768
621
380
1159
1124
580
32
457
1327
417
311
366
459
174
31
576
539
1306
439
259
214
782
918
1333
663
1203
1232
1025
740
530
547
4
871
185
741
1405
1243
551
562
1066
1186
929
104
1461
140
1482
776
0
561
86
1119
839
698
811
938
413
1433
816
821
129
518
639
1205
784
402
195
1164
282
90
319
244
1412
1081
729
164
603
440
1320
237