571
1483
1330
366
241
1005
1136
632
304
885
1184
1441
335
1129
1044
553
627
1366
114
831
752
763
351
318
441
771
1223
1182
657
157
131
1440
23
1343
1213
669
1107
1109
608
88
1273
52
644
371
1180
380
1429
1244
701
278
675
805
137
1065
202
179
1203
758
408
603
259
519
1329
401
1170
875
1117
1086
1474
833
839
893
104
685
516
164
1393
741
759
1144
592
421
643
468
68
566
544
447
369
1021
1193
937
50
804
49
1379
214
630
754
911
960
605
1365
359
958
611
1010
747
382
649
170
1252
1139
1257
138
1085
116
90
1339
1407
769
240
442
284
17
847
1181
1188
871
613
891
556
400
348
814
1112
263
1059
367
1355
370
530
403
1293
1081
967
684
339
1186
1369
1433
646
713
145
674
845
802
890
1419
393
858
921
1485
870
250
1105
883
175
83
976
1350
427
276
765
1164
691
1083
484
183
1405
540
1387
368
874
387
72
118
730
244
443
1024
1406
213
1333
53
785
1115
659
822
242
832
189
819
863
708
1076
45
901
112
531
392
1276
1202
41
48
734
817
1264
543
33
582
1463
1066
527
944
1104
906
964
1414
952
966
1132
945
720
564
54
523
201
1283
818
969
343
534
1047
289
1466
703
515
907
422
706
463
500
880
1489
761
1201
200
458
912
1008
153
425
105
776
1454
35
1484
723
1114
1471
557
957
821
134
504
1049
724
904
352
662
1255
1145
768
1284
1187
101
1488
1456
383
878
1455
336
261
246
563
1270
642
903
636
812
254
1281
1313
302
36
1287
850
656
1018
709
1395
358
445
185
1194
998
1426
294
226
93
1056
1097
1133
700
154
1451
321
794
855
1445
1035
1161
1131
1235
949
89
1321
925
1239
31
322
436
1460
1159
994
313
264
404
1480
931
1183
773
1057
1228
1310
1475
417
30
750
782
1315
341
844
1062
1054
570
238
1432
1036
729
972
666
287
476
585
230
1434
841
1198
197
82
1443
547
612
279
1217
127
580
1229
622
109
376
915
395
626
1417
1080
1371
663
840
440
1278
173
314
787
895
1218
1486
1282
1238
1487
650
664
373
1067
1000
1068
961
897
887
437
914
753
896
61
29
1138
977
1352
1431
1465
838
319
548
73
247
1215
295
1411
1342
464
1141
694
275
1110
1291
281
1253
58
975
1347
0
55
827
224
212
225
496
1390
1031
617
207
808
99
97
332
737
1101
568
881
712
942
1316
1179
1271
1053
271
1192
898
1409
389
180
350
430
1323
305
459
248
353
397
677
1458
588
1351
695
363
1418
1349
1205
1306
47
1029
1303
320
219
651
1103
936
1436
24
362
962
809
1467
518
340
1334
947
270
849
647
434
1359
909
220
4
786
316
1373
165
1376
167
429
928
489
1017
610
807
237
1403
1225
1250
633
258
1146
1042
396
1093
311
639
799
634
756
1196
687
1063
1360
539
103
574
1325
1358
653
1482
328
1338
1275
132
196
1268
1108
987
192
1023
206
280
13
91
806
208
1050
22
1336
529
375
1148
997
718
697
573
886
253
306
1197
598
8
1297
1060
9
344
1357
688
1378
738
859
1245
920
1385
992
1249
1453
171
1422
151
1384
853
299
1327
1367
6
1294
899
438
1322
950
10
117
559
834
312
698
1079
1363
1457
851
1174
1299
1331
1265
672
84
106
733
113
956
1220
381
74
1069
156
1396
615
628
1340
20
781
565
645
1221
1231
551
654
360
1301
391
584
1032
798
70
982
1237
433
130
1116
1469
749
126
625
133
689
85
1375
951
277
791
1211
444
454
569
59
661
981
680
67
869
784
1354
405
635
1404
315
361
108
1259
1190
326
233
449
652
282
836
1348
415
943
268
21
1261
843
631
1324
1072
1368
1439
461
379
872
342
451
129
94
37
457
293
800
1410
323
439
128
418
347
1070
1119
876
509
938
1274
255
317
861
140
939
1061
288
1280
251
149
1055
1089
558
193
624
491
1003
607
428
249
119
888
1014
1204
159
811
757
182
1305
686
354
139
1470
748
1289
1370
965
591
973
560
1320
510
629
333
837
1444
1420
719
641
856
974
1286
541
338
1263
266
1155
57
1001
1462
450
879
1167
115
399
971
679
257
1134
1200
1307
1178
1037
866
577
775
1212
455
1473
963
1382
671
983
1177
181
668
3
1232
194
979
618
265
1383
1314
1344
705
1156
522
144
919
597
778
1251
1074
2
390
1236
576
1234
1172
1077
420
203
111
770
1318
579
780
578
1421
223
1372
815
331
1118
1176
209
1326
1337
1397
1362
1122
1039
830
1158
860
554
228
704
702
926
365
913
946
793
727
448
590
1412
728
1464
658
100
1025
970
1241
711
205
501
283
710
377
525
1266
1046
670
46
933
1394
640
693
594
1345
521
867
142
1295
1243
308
310
1191
330
536
143
1082
78
740
552
32
187
722
148
18
274
419
599
894
589
745
927
735
1124
941
1142
1071
60
38
1364
478
222
211
829
918
846
835
435
767
1425
166
163
309
790
868
621
1224
1442
402
80
549
1233
345
423
1246
1258
721
364
199
215
1096
1100
1013
86
892
25
1408
191
555
1399
1087
11
978
532
456
1095
682
762
195
587
252
329
690
561
857
1189
803
184
619
1292
852
426
717
959
472
1415
1166
1227
298
1398
954
122
1226
110
1335
864
985
779
968
575
789
462
346
1353
583
374
508
1260
1248
431
227
1163
989
413
1206
924
218
65
1381
1356
147
953
16
152
533
923
593
1185
446
188
1437
715
1208
581
562
917
929
292
492
12
955
297
56
1262
356
409
1311
660
1098
1302
1386
1402
168
528
1461
862
546
1012
1290
609
916
120
75
66
26
731
467
1130
1
813
324
386
902
801
788
1300
337
174
900
1033
1210
1391
572
1332
1207
1099
1162
256
1416
816
1019
406