1.343194105966414309e-01 6.724531601188339369e-01 9.201235762432125043e-02 1.012150716602032985e-01
3.019338913360150034e-01 4.090720563718304725e-01 1.532480476217330523e-01 1.357460046704213052e-01
3.421023615459727329e-01 2.670189498996719535e-01 2.285051637633705723e-01 1.623735247909846025e-01
3.120683120545365563e-01 3.319486652177632835e-01 2.217213572086345619e-01 1.342616655190656538e-01
2.205606026018671340e-01 4.963171358063866445e-01 1.421107343176694904e-01 1.410115272740765924e-01
2.299291410779520650e-01 4.706025142454183241e-01 1.360199087913931404e-01 1.634484358852364705e-01
1.893678563094973177e-01 5.230942926405226512e-01 1.588687657512240226e-01 1.286690852987560085e-01
1.872406522994169709e-01 5.337382500318981204e-01 1.501558882667254069e-01 1.288652094019594185e-01
2.746325054677691280e-01 4.649010827751648423e-01 1.262798729595484837e-01 1.341865387975176016e-01
2.233256646909981824e-01 2.668479228367912626e-01 3.573467151321667035e-01 1.524796973400437960e-01
2.886139084012145917e-01 2.785281373861301923e-01 2.711112606968796301e-01 1.617466935157756414e-01
2.629727906045856156e-01 3.209382475547933877e-01 2.200768475189331941e-01 1.960121143216877748e-01
4.153947169570564868e-01 2.652003435659659458e-01 1.169592418002502049e-01 2.024456976767273209e-01
2.701513108550522846e-01 4.821938205726294946e-01 1.187859150656891960e-01 1.288689535066291358e-01
2.446668913300983628e-01 4.800516460694566612e-01 1.361795013625672346e-01 1.391019612378778803e-01
1.626307555952600792e-01 5.833844703127706310e-01 1.335564454436350135e-01 1.204283286483342763e-01
2.759917375085694236e-01 4.411053058492162005e-01 1.476337095515468933e-01 1.352692470906675104e-01
2.940128863230587197e-01 4.636292467747057944e-01 1.077400566051878866e-01 1.346178102970476131e-01
2.360580188354712006e-01 5.199545550084063716e-01 1.194249933326901325e-01 1.245624328234323092e-01
3.015547142252821278e-01 4.148618634991942389e-01 1.311826740440718564e-01 1.524007482314516104e-01
2.448642743967987812e-01 4.821468531050019934e-01 1.340530183384564256e-01 1.389358541597427166e-01
1.631358258618865187e-01 6.116135709243516461e-01 1.099274521713356212e-01 1.153231510424261586e-01
1.738606462945321562e-01 5.441629212878023036e-01 1.400279578758896193e-01 1.419484745417759763e-01
2.934312495988546377e-01 2.942111531757258813e-01 2.507039285605247581e-01 1.616536686648948062e-01
3.184863290825454274e-01 2.705277354905155640e-01 2.425126966280088114e-01 1.684732387989301972e-01
3.640226704848398831e-01 2.645083533211924909e-01 2.215749721824863960e-01 1.498940040114812300e-01
2.961487801881849680e-01 3.161152702413583260e-01 2.118710047975842781e-01 1.758649447728723725e-01
3.436277595664445905e-01 4.222594291695965785e-01 1.131429522252685865e-01 1.209698590386903277e-01
2.975875262236344909e-01 4.269440661093175660e-01 1.367167039045107946e-01 1.387517037625369543e-01
2.052150713073097044e-01 4.964698844741040618e-01 1.592949594529400048e-01 1.390200847656462013e-01
2.048441310554367512e-01 5.278090532553110226e-01 1.239414683897590436e-01 1.434053472994932243e-01
1.776976331591477165e-01 3.295942832803289146e-01 3.213097127651279306e-01 1.713983707953954105e-01
2.766312022438809914e-01 5.185793977135096933e-01 9.589494019552766146e-02 1.088944598470816816e-01
2.676419503260243915e-01 4.570910206575758417e-01 1.369337790564371382e-01 1.383332499599625731e-01
2.986083887982804441e-01 4.674569896224152199e-01 1.191380845098517077e-01 1.147965370694527393e-01
6.388861569423627540e-02 6.958896595573280663e-01 1.021002848749334169e-01 1.381214398735021442e-01
1.840126714274348263e-01 5.653291124421002678e-01 1.259376868041527653e-01 1.247205293263122100e-01
3.064126015672672398e-01 4.563075504363706680e-01 1.150709822986421133e-01 1.222088656977201038e-01
2.922835247679023141e-01 3.812897636566866533e-01 1.715870985174032803e-01 1.548396130580076135e-01
2.288249518214240941e-01 3.789428809324019709e-01 2.303591937032092585e-01 1.618729735429646766e-01
1.795439097994578348e-01 5.453903771684145418e-01 1.491395334864311639e-01 1.259261795456963762e-01
2.395167240538527698e-01 4.813906544432878798e-01 1.432266031127945316e-01 1.358660183900647356e-01
2.598309088169259984e-01 4.336492559446917805e-01 1.631173082356577875e-01 1.434025270027244892e-01
2.525160100883832581e-01 3.389849033657761912e-01 2.439927005343245359e-01 1.645063860115159871e-01
4.400598291520875782e-01 2.812096641980884604e-01 1.101012713870851145e-01 1.686292352627387636e-01
2.057282213906454493e-01 3.664464029307551995e-01 2.399974599111215079e-01 1.878279157674778155e-01
1.937166778670064149e-01 2.827459602993110943e-01 3.207140727882322184e-01 2.028232890454501891e-01
1.942552097654536847e-01 5.347341634937258226e-01 1.352107223290322791e-01 1.357999044117882137e-01
2.475275401698437128e-01 4.350974292016442369e-01 1.871820128046625120e-01 1.301930178238496494e-01
2.300284939865821499e-01 4.458438420857108730e-01 1.584184114484057659e-01 1.657092524793013222e-01
2.530819235467021699e-01 4.352069798545947776e-01 1.405580690069710703e-01 1.711530275917320654e-01
1.337761421152121877e-01 6.193180125449757600e-01 1.277764727631192088e-01 1.191293725766928296e-01
4.138414672954223716e-01 3.362804438124420980e-01 1.112538874802626171e-01 1.386242014118729271e-01
1.220522084468503576e-01 6.605406737253873839e-01 1.096367991420066357e-01 1.077703186857555673e-01
2.454688061173883884e-01 2.399576646787895395e-01 3.131336620452391251e-01 2.014398671585828360e-01
2.715434243064229758e-01 3.043446437066048005e-01 2.223154784354692270e-01 2.017964535515030522e-01
3.431641815275343621e-01 3.272281201963658237e-01 1.411923001997480720e-01 1.884153980763517422e-01
3.015569806085457438e-01 4.155257030748832903e-01 1.328864737439186261e-01 1.500308425726522010e-01
2.113177867694537859e-01 5.214194922282379130e-01 1.313385856789438255e-01 1.359241353233644201e-01
3.623292146228642707e-01 3.360279440610557389e-01 1.390746535746068824e-01 1.625681877414731358e-01
1.831975368959992967e-01 5.734594549665105179e-01 1.000048398017899381e-01 1.433381683357002057e-01
2.042497009151452991e-01 5.484897452175439003e-01 1.300702781538324304e-01 1.171902757134783424e-01
1.485881435506734571e-01 5.759220233633111086e-01 1.408551246724785155e-01 1.346347084135368910e-01
2.418384987748532500e-01 3.883545517683932857e-01 2.141681873691445304e-01 1.556387620876089617e-01
1.699397030757937022e-01 6.049190024939816723e-01 1.111008754694796513e-01 1.140404189607449464e-01
3.590129844467989662e-01 3.456469618450594417e-01 1.536127736136873034e-01 1.417272800944542888e-01
3.874558407040885610e-01 3.808388157081615266e-01 1.079461101730813666e-01 1.237592334146686152e-01
2.203174829073060448e-01 4.543954495822791761e-01 1.991585331132015024e-01 1.261285343972131934e-01
2.343606897765418973e-01 3.510495247885274117e-01 2.459242950280282058e-01 1.686654904069025407e-01
1.759644819076015276e-01 5.794719522450928473e-01 9.705108144247784341e-02 1.475124844048277539e-01
3.716454674399067293e-01 3.161108304042959949e-01 1.870230004934332613e-01 1.252207016623641533e-01
2.662529620001584107e-01 4.531212515559596699e-01 1.376603870031279653e-01 1.429653994407540374e-01
3.548497571099907821e-01 2.653213777561984066e-01 1.896687057223642447e-01 1.901601594114466498e-01
2.235250200613337901e-01 3.686460409653596337e-01 2.511228044861934516e-01 1.567061344871130413e-01
2.156364480951013241e-01 4.544543148124183807e-01 1.448016063091799033e-01 1.851076307833003920e-01
3.042503746075916893e-01 3.499294194979465367e-01 1.973567574934231295e-01 1.484634484010385891e-01
2.750092056247338546e-01 3.865769267529182707e-01 1.580788126723544351e-01 1.803350549499935229e-01
2.242063775349956434e-01 4.735125593237481390e-01 1.768953806550192520e-01 1.253856824862369379e-01
3.094857958093595318e-01 2.972721619902422563e-01 2.264939033335628127e-01 1.667481388668353159e-01
1.439659764393133867e-01 6.130756421816809798e-01 1.265891340166690193e-01 1.163692473623367113e-01
3.956867794692390805e-01 2.346790646582253281e-01 2.207983835419275453e-01 1.488357723306079627e-01
1.670230392375398887e-01 5.218437037321020933e-01 1.826575163009597769e-01 1.284757407293982134e-01
2.779227867784428430e-01 3.051450311402179039e-01 2.487126577233003399e-01 1.682195243580389132e-01
2.071960307669281631e-01 4.710119085232911673e-01 1.819018127471876412e-01 1.398902479625930839e-01
1.021861986916351300e-01 6.845668562666356038e-01 1.067523151793114550e-01 1.064946298624177418e-01
4.189349006052295876e-01 1.738875897083890509e-01 2.541653472016699444e-01 1.530121624847114448e-01
4.118923593117098103e-01 3.505377723028467729e-01 1.194217566806385217e-01 1.181481117048047563e-01
2.981856229758594878e-01 2.374304136176620672e-01 3.107622542895950302e-01 1.536217091168834703e-01
3.632255996068646797e-01 2.664076768047566324e-01 1.623762974505761625e-01 2.079904261378025532e-01
3.598820001769497678e-01 3.088648862503268755e-01 1.839454107263505389e-01 1.473077028463727622e-01
2.796448022942971678e-01 4.349179004175252605e-01 1.412004439326010052e-01 1.442368533555764276e-01
2.576879173277367707e-01 3.332039211899442965e-01 2.382966923286023442e-01 1.708114691537166996e-01
2.930309287073362134e-01 2.841103344009434650e-01 2.510576161602942058e-01 1.718011207314260880e-01
1.927622901658476162e-01 5.356687681730346595e-01 1.459815533930901577e-01 1.255873882680275111e-01
2.895908789039578490e-01 4.262171301100434184e-01 1.401761496273315200e-01 1.440158413586671848e-01
2.248284646707932877e-01 3.744230097200729190e-01 2.427367942759169062e-01 1.580117313332167484e-01
1.486955553522580908e-01 5.507603998607889517e-01 1.739506820714094015e-01 1.265933627155434726e-01
3.398895327515426557e-01 3.848822237209575947e-01 1.337802032772105187e-01 1.414480402502893697e-01
2.772299945588626024e-01 3.037805467461422992e-01 2.493566573384940199e-01 1.696328013565010229e-01
1.656973873633154348e-01 5.109450899565136650e-01 1.638974766086357115e-01 1.594600460715351609e-01
2.141208369479969398e-01 3.033940144526716676e-01 2.526699948199164214e-01 2.298151537794149990e-01
2.541537326930926044e-01 4.097052956258369627e-01 1.668343567346639300e-01 1.693066149464065862e-01
3.623083203290651255e-01 3.748571946752141115e-01 1.265400181947285430e-01 1.362944668009922478e-01
3.801739773456587201e-01 3.549599436705955791e-01 1.435801943264398417e-01 1.212858846573058730e-01
1.654535323941780101e-01 5.352127588804993508e-01 1.423686786936568527e-01 1.569650300316658142e-01
4.415678311291457714e-01 2.158486992461912946e-01 2.025841282693512102e-01 1.399993413553116961e-01
3.677970210541793294e-01 3.439171972065787064e-01 1.298374866563802021e-01 1.584482950828617898e-01
3.220437676130599725e-01 2.682388592363848523e-01 2.439954403368623237e-01 1.657219328136929348e-01
4.110283444657054641e-01 1.999585222316007660e-01 2.289191798242985743e-01 1.600939534783952511e-01
2.845486696195404508e-01 3.820561441124626367e-01 1.360987765148472528e-01 1.972964097531496597e-01
2.436741075506883569e-01 4.537827911437124495e-01 1.250180498093109993e-01 1.775250514962882220e-01
3.098204247538194345e-01 2.754945314248531396e-01 2.487235065226530706e-01 1.659615372986743553e-01
1.619501791338704977e-01 5.861855588648334781e-01 1.334465578067927372e-01 1.184177041945033149e-01
3.192019581961728081e-01 2.732756849031221513e-01 2.423896445648258680e-01 1.651327123358793114e-01
2.169324827818213119e-01 5.243534037954691307e-01 1.207244824146138235e-01 1.379896310080957200e-01
2.395455217581659579e-01 4.554165168463946145e-01 1.576951246989004018e-01 1.473428366965389980e-01
4.014369231272003624e-01 3.445469327294608530e-01 1.202774139052727731e-01 1.337387302380661502e-01
2.293100241133672057e-01 4.565063061006276457e-01 1.265030354318420203e-01 1.876806343541632394e-01
3.588506060177062973e-01 3.950388293025747788e-01 1.242095525091640312e-01 1.219010121705549482e-01
4.851869486706305024e-01 2.429971669834719017e-01 1.471468756089643060e-01 1.246690087369332900e-01
2.811128347402173100e-01 4.686696624142346890e-01 1.269037153138269647e-01 1.233137875317210919e-01
2.776819097647132972e-01 2.416585805334724724e-01 3.083731751247692499e-01 1.722863345770450083e-01
2.791933107415883186e-01 2.120957251808046062e-01 3.486704713182874338e-01 1.600404927593196414e-01
3.298429983133420174e-01 3.624226382088617804e-01 1.677642470215572335e-01 1.399701164562389688e-01
2.584427778714258883e-01 3.338118893962304101e-01 2.301916982042219451e-01 1.775536345281217010e-01
2.760117229352078150e-01 2.792198203031387438e-01 2.766767504316819948e-01 1.680917063299714465e-01
3.116167919175423795e-01 2.665744876772476735e-01 2.560963479998297210e-01 1.657123724053802816e-01
3.903357090830080756e-01 2.138626592864607268e-01 2.375328199024581977e-01 1.582688117280731110e-01
3.201891019344156875e-01 4.254070504435754074e-01 1.195397568136509631e-01 1.348640908083579837e-01
2.626144239338235598e-01 4.881161817510802914e-01 1.116118944041150640e-01 1.376574999109811681e-01
3.163619451252136505e-01 4.519917596142204452e-01 9.212426118250778562e-02 1.395220340780582158e-01
2.299491138078652575e-01 5.384171484671145258e-01 1.105993599160885466e-01 1.210343778089316286e-01
2.728670867478641404e-01 2.974287979521320069e-01 2.345018275109856665e-01 1.952022877890182695e-01
1.573127347059369574e-01 5.944010218621523789e-01 1.294538847023725681e-01 1.188323587295382067e-01
1.308862711959724312e-01 6.053878208370832015e-01 1.272748419823621358e-01 1.364510659845823148e-01
2.410200851397177602e-01 4.060984779968708214e-01 1.915002177674459960e-01 1.613812190959653670e-01
4.041194700463485168e-01 2.042998020418048954e-01 2.330152190153452207e-01 1.585655088965012560e-01
2.059612498733937591e-01 4.825432479858895451e-01 1.471195668843893190e-01 1.643759352563273768e-01
3.340456228387304050e-01 3.821114148437728120e-01 1.521770282277498387e-01 1.316659340897470276e-01
3.963347604939834179e-01 2.201433840553960186e-01 1.904436276480799273e-01 1.930782278025407472e-01
1.808026681646671130e-01 5.855930537682542125e-01 1.175070470287503388e-01 1.160972310383282385e-01
9.623496558756242103e-02 5.541869811286829206e-01 1.997188157068730541e-01 1.498592375768816876e-01
2.422642233419236291e-01 4.623619126386815381e-01 1.666922983957451754e-01 1.286815656236497407e-01
3.262581684545776683e-01 2.525961935644812084e-01 2.563794136320393657e-01 1.647662243489017020e-01
1.661903366450010189e-01 5.094786200684879862e-01 1.711263779714743971e-01 1.532046653150365700e-01
2.765140374339065121e-01 2.943677179471422267e-01 2.538331578394201204e-01 1.752850867795311962e-01
3.478199527478789688e-01 2.613927066606991367e-01 2.266443382782721006e-01 1.641430023131497107e-01
3.348963547959885045e-01 2.283424263733222492e-01 2.783347504919551074e-01 1.584264683387341943e-01
2.546964115693122199e-01 4.537600814535902027e-01 1.355346593736268812e-01 1.560088476034708072e-01
4.225011294415870755e-01 3.236771413759046978e-01 1.207688741321547438e-01 1.330528550503536078e-01
1.952074361541714653e-01 4.352423859800180206e-01 2.200407364808404098e-01 1.495094413849699655e-01
2.338882175163262966e-01 4.303070069702036871e-01 1.683464542819199383e-01 1.674583212315501057e-01
6.023886322440077379e-01 1.764885942842035760e-01 1.188936164482631008e-01 1.022291570235255714e-01
1.386073737791309879e-01 6.252695830835129920e-01 1.117503053606663244e-01 1.243727377766898484e-01
3.849390589375089600e-01 3.381022371769539236e-01 1.390287519006431216e-01 1.379299519848940780e-01
2.340641777728138528e-01 3.037283360910476016e-01 2.597871959873117031e-01 2.024202901488268425e-01
1.915668401161028656e-01 5.674850251215799446e-01 1.191095409191428867e-01 1.218385938431742477e-01
2.263436481268100708e-01 3.344527050490765374e-01 2.599488916296850971e-01 1.792547551944282946e-01
2.687610646426791816e-01 4.269630999693255213e-01 1.579912593905998808e-01 1.462845759973954163e-01
2.613329443400012608e-01 3.650820574728533274e-01 2.142663211812819712e-01 1.593186770058634683e-01
2.369350564309871121e-01 4.903093496144919627e-01 1.419720871366745296e-01 1.307835068178465066e-01
3.771521309308832892e-01 2.323688083010425620e-01 2.259495775814199803e-01 1.645294831866540852e-01
3.799301949772081466e-01 3.686942382554082576e-01 1.240637268192769926e-01 1.273118399481065754e-01
1.507206668112953951e-01 6.159913722658064694e-01 1.184238833101378813e-01 1.148640776127601293e-01
2.716573394221406534e-01 3.752820473486357389e-01 1.687227429456545913e-01 1.843378702835689609e-01
1.839382698443661479e-01 5.424132288428510362e-01 1.521786246759342931e-01 1.214698766368485644e-01
3.080258823293934300e-01 3.220188123844268668e-01 2.113597221964872430e-01 1.585955830896924046e-01
4.954665524256016695e-01 1.575995027297605322e-01 1.592634908583553666e-01 1.876704539862824039e-01
3.130741475783103134e-01 2.850270289227441745e-01 2.347067550565416771e-01 1.671920684424038628e-01
2.732415193662972031e-01 3.413880893656905946e-01 2.211132751040311428e-01 1.642571161639810040e-01
2.830571201115277269e-01 4.112605055114099128e-01 1.430219792811499857e-01 1.626603950959123190e-01
1.697974727196981393e-01 6.357870917278580780e-01 9.418202962807029066e-02 1.002334059243735476e-01
3.652974095092446638e-01 3.571823282545527611e-01 1.187179433963718722e-01 1.588023188398308139e-01
2.491668502299434484e-01 4.996626966801125946e-01 1.218451363871829035e-01 1.293253167027610118e-01
1.982798475546104222e-01 5.171736099130290754e-01 1.121091217463284634e-01 1.724374207860319974e-01
3.103093990137661962e-01 2.885572326590403747e-01 2.324245169700031588e-01 1.687088513571902426e-01
2.377539855018172832e-01 3.914058632727580589e-01 2.101771855452204130e-01 1.606629656802043005e-01
2.790149738262297507e-01 2.898413500608368332e-01 2.599061824627282302e-01 1.712374936502051859e-01
2.965254830636596117e-01 4.279821070048552278e-01 1.501764817843517785e-01 1.253159281471334652e-01
3.079690676380147929e-01 2.905112173339540194e-01 1.987172524327311396e-01 2.028024625953001592e-01
2.129115093944852766e-01 4.331441242373764156e-01 2.032823049849104280e-01 1.506620613832278244e-01
3.461904436837508481e-01 1.809657300889698783e-01 2.938274117730064749e-01 1.790164144542728819e-01
3.383856131712864590e-01 3.644848487649671731e-01 1.522409128892527608e-01 1.448886251744934683e-01
1.773000051220408324e-01 5.122559624394220634e-01 1.702134791954429127e-01 1.402305532430942470e-01
2.933717455522304451e-01 2.589788531161800744e-01 2.875501074776835031e-01 1.600992938539059773e-01
3.677363444432716344e-01 2.982726252926510835e-01 1.752828609908271551e-01 1.587081692732499605e-01
2.337538951322618574e-01 3.721846496431378548e-01 2.274407028265972575e-01 1.666207523980029470e-01
1.534095575835571768e-01 5.798646525835603471e-01 1.400242217126702327e-01 1.267015681202122712e-01
4.013099569948874179e-01 3.292707162727099846e-01 1.422773187199255496e-01 1.271420080124768259e-01
4.834024818894462339e-01 2.557321858736068543e-01 1.325273452121447371e-01 1.283379870248022581e-01
1.118091698398508554e-01 5.690088938532854579e-01 1.546554975864878889e-01 1.645264387203757839e-01
1.945063834519406287e-01 4.675529640005111065e-01 1.705591944088946932e-01 1.673814581386534883e-01
2.210679371756599787e-01 5.028909922150380796e-01 1.142581270563429868e-01 1.617829435529589133e-01
3.370643610479014951e-01 3.552148107927436960e-01 1.349326920089367055e-01 1.727881361504180757e-01
3.656760981022712520e-01 1.696278650567036306e-01 3.352186722288891252e-01 1.294773646121360200e-01
2.640425563672862408e-01 2.608209722721828161e-01 3.156013249510062901e-01 1.595351464095245697e-01
2.937025640299018026e-01 4.080086553047337361e-01 1.638947147661591885e-01 1.343940658992053006e-01
2.807380515983102787e-01 4.480181541743996632e-01 1.257452066316846195e-01 1.454985875956053831e-01
2.283019320591623824e-01 4.297952814441884928e-01 1.594467627238989604e-01 1.824560237727502754e-01
