6.243280172348022461e-01 3.623606329783797264e-01 1.105501665733754635e-02 2.256333129480481148e-03
7.881331443786621094e-01 2.058758465573191643e-01 4.981725593097507954e-03 1.009283470921218395e-03
4.583507180213928223e-01 5.158380046486854553e-01 2.138963202014565468e-02 4.421645309776067734e-03
5.439041554927825928e-01 4.376418422907590866e-01 1.531236851587891579e-02 3.141633700579404831e-03
4.787245392799377441e-01 4.974438976496458054e-01 1.975591853260993958e-02 4.075644537806510925e-03
1.765642762184143066e-01 7.287721559405326843e-01 7.743818685412406921e-02 1.722538098692893982e-02
4.251032471656799316e-01 5.454681888222694397e-01 2.437169291079044342e-02 5.056871101260185242e-03
5.281386375427246094e-01 4.522232804447412491e-01 1.629151916131377220e-02 3.346562851220369339e-03
5.811326503753662109e-01 4.029641225934028625e-01 1.320166676305234432e-02 2.701560268178582191e-03
2.838069796562194824e-01 6.626440286636352539e-01 4.415400978177785873e-02 9.394981898367404938e-03
3.023524880409240723e-01 6.484590619802474976e-01 4.059117008000612259e-02 8.597279898822307587e-03
1.902361512184143066e-01 7.226424887776374817e-01 7.137568667531013489e-02 1.574567332863807678e-02
4.645319581031799316e-01 5.102748814970254898e-01 2.087966864928603172e-02 4.313491750508546829e-03
7.837188243865966797e-01 2.101318771019577980e-01 5.113210761919617653e-03 1.036087749525904655e-03
7.604709863662719727e-01 2.325166333466768265e-01 5.830019828863441944e-03 1.182360458187758923e-03
3.295616507530212402e-01 6.268170848488807678e-01 3.603369649499654770e-02 7.587567903101444244e-03
6.115771532058715820e-01 3.743831077590584755e-01 1.165848178789019585e-02 2.381257247179746628e-03
8.166630715131759644e-01 1.783288307487964630e-01 4.165094869676977396e-03 8.430028683505952358e-04
4.298018217086791992e-01 5.413130503147840500e-01 2.392393769696354866e-02 4.961190279573202133e-03
8.171377927064895630e-01 1.778699001297354698e-01 4.151973349507898092e-03 8.403338142670691013e-04
7.842150926589965820e-01 2.096534874290227890e-01 5.098360474221408367e-03 1.033059437759220600e-03
5.962858796119689941e-01 3.887613182887434959e-01 1.241473015397787094e-02 2.538071945309638977e-03
1.523854732513427734e-01 7.367326617240905762e-01 9.040525369346141815e-02 2.047661133110523224e-02
3.549796938896179199e-01 6.058755107223987579e-01 3.236209461465477943e-02 6.782700773328542709e-03
5.392468571662902832e-01 4.419562686234712601e-01 1.559594133868813515e-02 3.200932871550321579e-03
5.561837255954742432e-01 4.262398779392242432e-01 1.458638487383723259e-02 2.990011591464281082e-03
3.415721654891967773e-01 6.169995926320552826e-01 3.423575498163700104e-02 7.192486897110939026e-03
6.529231667518615723e-01 3.352990346029400826e-01 9.783982997760176659e-03 1.993815647438168526e-03
8.013709932565689087e-01 1.931025311350822449e-01 4.595811537001281977e-03 9.306640713475644588e-04
3.759981393814086914e-01 5.881278403103351593e-01 2.967549907043576241e-02 6.198521237820386887e-03
3.452162146568298340e-01 6.139926239848136902e-01 3.371316846460103989e-02 7.077992893755435944e-03
1.742631196975708008e-02 4.242359995841979980e-01 3.834823518991470337e-01 1.748553365468978882e-01
9.276185035705566406e-01 7.063509116414934397e-02 1.453235687222331762e-03 2.931695780716836452e-04
5.988733172416687012e-01 3.863315340131521225e-01 1.228417013771831989e-02 2.510978607460856438e-03
7.978012561798095703e-01 1.965484772808849812e-01 4.698657488916069269e-03 9.516090503893792629e-04
4.938465356826782227e-02 6.491454839706420898e-01 2.340066730976104736e-01 6.746318936347961426e-02
4.927266240119934082e-01 4.847116935998201370e-01 1.870736805722117424e-02 3.854314330965280533e-03
9.674896672368049622e-01 3.175750776426866651e-02 6.265525153139606118e-04 1.262724836124107242e-04
7.980080842971801758e-01 1.963488510809838772e-01 4.692674265243113041e-03 9.503903565928339958e-04
1.495084166526794434e-01 7.373770996928215027e-01 9.218272008001804352e-02 2.093176357448101044e-02
6.598962843418121338e-01 3.286803970113396645e-01 9.490088210441172123e-03 1.933230436407029629e-03
7.970765531063079834e-01 1.972479145042598248e-01 4.719648452010005713e-03 9.558839374221861362e-04
7.381852269172668457e-01 2.539255358278751373e-01 6.558051682077348232e-03 1.331185572780668736e-03
3.229858875274658203e-01 6.321276724338531494e-01 3.707026317715644836e-02 7.816176861524581909e-03
8.768411427736282349e-01 1.200196121353656054e-01 2.611646254081279039e-03 5.275988369248807430e-04
1.234650015830993652e-01 7.392184287309646606e-01 1.113282702863216400e-01 2.598829939961433411e-02
2.163362503051757812e-02 4.749017357826232910e-01 3.581906408071517944e-01 1.452739983797073364e-01
3.959214687347412109e-01 5.710018016397953033e-01 2.737522451207041740e-02 5.701505113393068314e-03
5.413336753845214844e-01 4.400237798690795898e-01 1.546830823644995689e-02 3.174236509948968887e-03
6.583569347858428955e-01 3.301421171054244041e-01 9.554453194141387939e-03 1.946494914591312408e-03
7.839128226041793823e-01 2.099448689259588718e-01 5.107405013404786587e-03 1.034903456456959248e-03
2.192287445068359375e-01 7.068261727690696716e-01 6.073698587715625763e-02 1.320809684693813324e-02
9.322767853736877441e-01 6.609717104583978653e-02 1.353106548776850104e-03 2.729370316956192255e-04
5.565292239189147949e-01 4.259185288101434708e-01 1.456640614196658134e-02 2.985841128975152969e-03
7.706785202026367188e-02 7.112655043601989746e-01 1.685975976288318634e-01 4.306904599070549011e-02
1.303650140762329102e-01 7.395313233137130737e-01 1.056462526321411133e-01 2.445740997791290283e-02
5.937148034572601318e-01 3.911744225770235062e-01 1.254554628394544125e-02 2.565227681770920753e-03
6.986120045185089111e-01 2.918082131072878838e-01 7.961051538586616516e-03 1.618730835616588593e-03
7.033733427524566650e-01 2.872600257396697998e-01 7.784200483001768589e-03 1.582431024871766567e-03
7.927462309598922729e-01 2.014263495802879333e-01 4.845829680562019348e-03 9.815897792577743530e-04
6.778498888015747070e-01 3.116070264950394630e-01 8.760139113292098045e-03 1.782945590093731880e-03
6.746175885200500488e-01 3.146841935813426971e-01 8.888802840374410152e-03 1.809415058232843876e-03
2.211506962776184082e-01 7.056670859456062317e-01 6.011921819299459457e-02 1.306299958378076553e-02
6.630612313747406006e-01 3.256739694625139236e-01 9.358650073409080505e-03 1.906149089336395264e-03
7.102809250354766846e-01 2.806567568331956863e-01 7.531688781455159187e-03 1.530629349872469902e-03
8.979543596506118774e-01 9.950419329106807709e-02 2.114530478138476610e-03 4.269165801815688610e-04
9.822347927838563919e-01 1.735986184212379158e-02 3.373759100213646889e-04 6.796946399845182896e-05
2.798147201538085938e-01 6.656277216970920563e-01 4.497721046209335327e-02 9.580347687005996704e-03
2.343363165855407715e-01 6.974076628684997559e-01 5.612531304359436035e-02 1.213070750236511230e-02
6.692492663860321045e-01 3.197916736826300621e-01 9.105121833272278309e-03 1.853938098065555096e-03
8.679803758859634399e-01 1.286210534162819386e-01 2.827264775987714529e-03 5.713059217669069767e-04
7.592555880546569824e-01 2.336855013854801655e-01 5.868657724931836128e-03 1.190252834931015968e-03
3.992082476615905762e-01 5.681511312723159790e-01 2.701638825237751007e-02 5.624232813715934753e-03
2.017565965652465820e-01 7.167649120092391968e-01 6.682687439024448395e-02 1.465161703526973724e-02
2.656714916229248047e-01 6.759734302759170532e-01 4.807383939623832703e-02 1.028123870491981506e-02
8.713376224040985107e-01 1.253626663237810135e-01 2.745069621596485376e-03 5.546416505239903927e-04
2.199779152870178223e-01 7.063758000731468201e-01 6.049504503607749939e-02 1.315123960375785828e-02
1.509686708450317383e-01 7.370592504739761353e-01 9.127344377338886261e-02 2.069863490760326385e-02
3.513141870498657227e-01 6.089330017566680908e-01 3.286115685477852821e-02 6.891654338687658310e-03
4.148484468460083008e-01 5.544964130967855453e-01 2.538197860121726990e-02 5.273161455988883972e-03
8.731429874897003174e-01 1.236101570539176464e-01 2.701122313737869263e-03 5.457331426441669464e-04
4.916368126869201660e-01 4.857051465660333633e-01 1.878694747574627399e-02 3.871093271300196648e-03
1.558775901794433594e-01 7.358539775013923645e-01 8.832224830985069275e-02 1.994618400931358337e-02
4.495930075645446777e-01 5.236922688782215118e-01 2.213478926569223404e-02 4.579934291541576385e-03
1.465764045715332031e-01 7.379559278488159180e-01 9.405414201319217682e-02 2.141352556645870209e-02
9.598071016371250153e-01 3.925489581888541579e-02 7.806458161212503910e-04 1.573567278683185577e-04
9.715526420623064041e-01 2.779130847193300724e-02 5.460181419039145112e-04 1.100313238566741347e-04
4.308425784111022949e-01 5.403911452740430832e-01 2.382600121200084686e-02 4.940275102853775024e-03
6.357810199260711670e-01 3.515378311276435852e-01 1.053277822211384773e-02 2.148370724171400070e-03
6.666214168071746826e-01 3.222903562709689140e-01 9.212233475409448147e-03 1.875993446446955204e-03
4.337499141693115234e-01 5.378129445016384125e-01 2.355476235970854759e-02 4.882378969341516495e-03
1.672956943511962891e-01 7.323110178112983704e-01 8.203022554516792297e-02 1.836306229233741760e-02
2.503543496131896973e-01 6.867344900965690613e-01 5.178285203874111176e-02 1.112830825150012970e-02
7.923856973648071289e-01 2.017741673626005650e-01 4.856392624787986279e-03 9.837426478043198586e-04
6.843279898166656494e-01 3.054355606436729431e-01 8.505805744789540768e-03 1.730643794871866703e-03
1.561266183853149414e-01 7.357873693108558655e-01 8.817675709724426270e-02 1.990925520658493042e-02
7.796329259872436523e-02 7.124519497156143188e-01 1.670288369059562683e-01 4.255592077970504761e-02
8.624447584152221680e-01 1.339920284226536751e-01 2.964148239698261023e-03 5.990649224258959293e-04
2.487319707870483398e-01 6.878441795706748962e-01 5.219979770481586456e-02 1.122405193746089935e-02
5.221426486968994141e-02 6.585305035114288330e-01 2.253922596573829651e-01 6.386297196149826050e-02
4.419374465942382812e-02 6.292507648468017578e-01 2.513831332325935364e-01 7.517235726118087769e-02
2.693406343460083008e-01 6.733247898519039154e-01 4.724214039742946625e-02 1.009243540465831757e-02
8.966003060340881348e-01 1.008207309059798717e-01 2.145731123164296150e-03 4.332319367676973343e-04
9.297532141208648682e-01 6.855568336322903633e-02 1.407229719916358590e-03 2.838727959897369146e-04
1.891947388648986816e-01 7.231436520814895630e-01 7.181061059236526489e-02 1.585099846124649048e-02
9.164731055498123169e-01 8.148766495287418365e-02 1.696819672361016273e-03 3.424098249524831772e-04
8.030469417572021484e-01 1.914843283593654633e-01 4.547835094854235649e-03 9.208947885781526566e-04
2.576760649681091309e-01 6.816526576876640320e-01 4.996025376021862030e-02 1.071102358400821686e-02
5.116284787654876709e-01 4.674185663461685181e-01 1.737834489904344082e-02 3.574609989300370216e-03
4.008935093879699707e-01 5.666868463158607483e-01 2.683454426005482674e-02 5.585100036114454269e-03
3.164650201797485352e-01 6.373454704880714417e-01 3.813735023140907288e-02 8.052159100770950317e-03
2.162041068077087402e-01 7.086254730820655823e-01 6.172884162515401840e-02 1.344157848507165909e-02
2.412928342819213867e-01 6.928519681096076965e-01 5.417592357844114304e-02 1.167927403002977371e-02
4.606082439422607422e-01 5.138080585747957230e-01 2.120188483968377113e-02 4.381812643259763718e-03
7.522464543581008911e-01 2.404234320856630802e-01 6.093851174227893353e-03 1.236262382008135319e-03
6.271052956581115723e-01 3.597382092848420143e-01 1.092670112848281860e-02 2.229793928563594818e-03
8.956790044903755188e-01 1.017164455261081457e-01 2.167010214179754257e-03 4.375397693365812302e-04
7.165227830410003662e-01 2.746849860996007919e-01 7.307556574232876301e-03 1.484674285165965557e-03
8.848446086049079895e-01 1.122460279148072004e-01 2.420493634417653084e-03 4.888698458671569824e-04
9.806822910904884338e-01 1.887625892413780093e-02 3.674241670523770154e-04 7.402581832138821483e-05
3.133639097213745117e-01 6.398091763257980347e-01 3.865913115441799164e-02 8.167782798409461975e-03
1.534409523010253906e-01 7.364779487252235413e-01 8.976728655397891998e-02 2.031381241977214813e-02
8.305209875106811523e-02 7.185272425413131714e-01 1.585800573229789734e-01 3.984060138463973999e-02
6.005014479160308838e-01 3.848019419237971306e-01 1.220256113447248936e-02 2.494049025699496269e-03
1.942409276962280273e-01 7.206671684980392456e-01 6.974098458886146545e-02 1.535091921687126160e-02
1.748524308204650879e-01 7.294661551713943481e-01 7.825479283928871155e-02 1.742662116885185242e-02
3.819968700408935547e-01 5.830003134906291962e-01 2.895934320986270905e-02 6.043473258614540100e-03
5.812205374240875244e-01 4.028818905353546143e-01 1.319698547013103962e-02 2.700586570426821709e-03
8.555813580751419067e-01 1.406484132166951895e-01 3.136249841190874577e-03 6.339788669720292091e-04
7.465879321098327637e-01 2.458594064228236675e-01 6.278627784922719002e-03 1.274033682420849800e-03
8.489550352096557617e-01 1.470717797055840492e-01 3.304964979179203510e-03 6.682201055809855461e-04
7.612106204032897949e-01 2.318052453920245171e-01 5.806564236991107464e-03 1.177569967694580555e-03
2.212049961090087891e-01 7.056341618299484253e-01 6.010190490633249283e-02 1.305893715471029282e-02
5.550140142440795898e-01 4.273275993764400482e-01 1.465422054752707481e-02 3.004165831953287125e-03
1.669044494628906250e-01 7.324480563402175903e-01 8.223368600010871887e-02 1.841380819678306580e-02
6.071499586105346680e-01 3.785505089908838272e-01 1.187368016690015793e-02 2.425852231681346893e-03
6.600019931793212891e-01 3.285800060257315636e-01 9.485679212957620621e-03 1.932321581989526749e-03
4.726222753524780273e-01 5.029702857136726379e-01 2.023126743733882904e-02 4.176171496510505676e-03
9.161754250526428223e-01 8.177742920815944672e-02 1.703404443105682731e-03 3.437412960920482874e-04
7.158024609088897705e-01 2.753743743523955345e-01 7.333227433264255524e-03 1.489937305450439453e-03
6.431615650653839111e-01 3.445519208908081055e-01 1.020569098182022572e-02 2.080823061987757683e-03
9.909033775329589844e-03 2.987126111984252930e-01 4.183768332004547119e-01 2.730015218257904053e-01
4.392796754837036133e-01 5.328977778553962708e-01 2.304818807169795036e-02 4.774358589202165604e-03
6.132132112979888916e-01 3.728421367704868317e-01 1.157971192151308060e-02 2.364940010011196136e-03
5.085563659667968750e-02 6.541415750980377197e-01 2.294578179717063904e-01 6.554497033357620239e-02
2.380528450012207031e-01 6.949896588921546936e-01 5.507119372487068176e-02 1.188630238175392151e-02
4.534155130386352539e-01 5.202681832015514374e-01 2.180620515719056129e-02 4.510098602622747421e-03
6.792261004447937012e-01 3.102964274585247040e-01 8.705719956196844578e-03 1.771752140484750271e-03
5.490426421165466309e-01 4.328751824796199799e-01 1.500480924732983112e-02 3.077366156503558159e-03
9.695197343826293945e-01 2.977589325746521354e-02 5.862317848368547857e-04 1.181405750685371459e-04
7.136613130569458008e-02 7.027825415134429932e-01 1.792278289794921875e-01 4.662349820137023926e-02
4.228093028068542480e-01 5.474926568567752838e-01 2.459368854761123657e-02 5.104351788759231567e-03
9.615454897284507751e-01 3.755866253050044179e-02 7.455680606653913856e-04 1.502796803833916783e-04
2.087780237197875977e-01 7.129074409604072571e-01 6.427153479307889938e-02 1.404300052672624588e-02
9.129346534609794617e-01 8.493169234134256840e-02 1.775361219188198447e-03 3.582929784897714853e-04
5.361384153366088867e-02 6.628390252590179443e-01 2.213337421417236328e-01 6.221339106559753418e-02
3.664814233779907227e-01 5.962073579430580139e-01 3.085641004145145416e-02 6.454808637499809265e-03
1.051901578903198242e-01 7.346360683441162109e-01 1.291940845549106598e-01 3.097968921065330505e-02
5.934845805168151855e-01 3.913904381915926933e-01 1.255731005221605301e-02 2.567671239376068115e-03
3.350086808204650879e-01 6.223828829824924469e-01 3.520351555198431015e-02 7.404920645058155060e-03
5.943948030471801758e-01 3.905363334342837334e-01 1.251084124669432640e-02 2.558022271841764450e-03
5.192033052444458008e-01 4.604569450020790100e-01 1.687155547551810741e-02 3.468194277957081795e-03
9.387210197746753693e-01 5.981752381194382906e-02 1.216179574839770794e-03 2.452768385410308838e-04
2.518383860588073730e-01 6.857140958309173584e-01 5.140572413802146912e-02 1.104179397225379944e-02
6.015693247318267822e-01 3.837984111160039902e-01 1.214926945976912975e-02 2.482994692400097847e-03
5.132168233394622803e-01 4.659602362662553787e-01 1.727090217173099518e-02 3.552038222551345825e-03
7.195644974708557129e-01 2.717732451856136322e-01 7.199689978733658791e-03 1.462567364796996117e-03
7.639238238334655762e-01 2.291952087543904781e-01 5.720891524106264114e-03 1.160075888037681580e-03
3.689858317375183105e-01 5.940879210829734802e-01 3.054015059024095535e-02 6.386096589267253876e-03
3.368805646896362305e-01 6.208519786596298218e-01 3.492395905777812004e-02 7.343497592955827713e-03
8.408245593309402466e-01 1.549489735625684261e-01 3.515499061904847622e-03 7.109680445864796638e-04
8.691963255405426025e-01 1.274409971665591002e-01 2.797421824652701616e-03 5.652554682455956936e-04
8.479064255952835083e-01 1.480879904702305794e-01 3.331896325107663870e-03 6.736876093782484531e-04
6.412050724029541016e-01 3.464046558365225792e-01 1.029169349931180477e-02 2.098578261211514473e-03
4.656187295913696289e-01 5.092951674014329910e-01 2.079133410006761551e-02 4.294768907129764557e-03
3.754006624221801758e-01 5.886371061205863953e-01 2.974799880757927895e-02 6.214232649654150009e-03
1.055158972740173340e-01 7.347747534513473511e-01 1.288332585245370865e-01 3.087609075009822845e-02
2.427609562873840332e-01 6.918744519352912903e-01 5.377733241766691208e-02 1.158725935965776443e-02
6.907287538051605225e-01 2.993323029950261116e-01 8.259017486125230789e-03 1.679925713688135147e-03
1.752161979675292969e-01 7.293201312422752380e-01 7.808013074100017548e-02 1.738354004919528961e-02
1.450426578521728516e-01 7.382259517908096313e-01 9.505829028785228729e-02 2.167310006916522980e-02
1.489217877388000488e-01 7.374993935227394104e-01 9.255215898156166077e-02 2.102665975689888000e-02
7.441533207893371582e-01 2.481972547248005867e-01 6.358963437378406525e-03 1.290461048483848572e-03
1.896494626998901367e-01 7.229254618287086487e-01 7.162020355463027954e-02 1.580487191677093506e-02
1.194722652435302734e-01 7.387181371450424194e-01 1.148571539670228958e-01 2.695244364440441132e-02
7.934611588716506958e-01 2.007366111502051353e-01 4.824903327971696854e-03 9.773266501724720001e-04
3.261495828628540039e-01 6.295786164700984955e-01 3.656674548983573914e-02 7.705055177211761475e-03
1.040573716163635254e-01 7.341355234384536743e-01 1.304623410105705261e-01 3.134476393461227417e-02
7.841619998216629028e-01 2.097046682611107826e-01 5.099948612041771412e-03 1.033383305184543133e-03
9.760981630533933640e-01 2.335312345530837774e-02 4.566926654661074281e-04 9.202082583215087652e-05
5.845350027084350586e-02 6.762238442897796631e-01 2.082413285970687866e-01 5.708132684230804443e-02
1.486411094665527344e-01 7.375567406415939331e-01 9.272981248795986176e-02 2.107233740389347076e-02
5.424018800258636475e-01 4.390341360121965408e-01 1.540333381853997707e-02 3.160650143399834633e-03
1.886422634124755859e-01 7.234073132276535034e-01 7.204308360815048218e-02 1.590733975172042847e-02
7.522838562726974487e-01 2.403874909505248070e-01 6.092637544497847557e-03 1.236015232279896736e-03
1.532809734344482422e-01 7.365172430872917175e-01 8.986344560980796814e-02 2.033833786845207214e-02
7.130467891693115234e-01 2.780111366882920265e-01 7.431906531564891338e-03 1.510167610831558704e-03
7.647928148508071899e-01 2.283591087907552719e-01 5.693577462807297707e-03 1.154498895630240440e-03
4.730147719383239746e-01 5.026152599602937698e-01 2.020033961161971092e-02 4.169628489762544632e-03
