9.794259499758481979e-01 1.909900456666946411e-04 1.471489667892456055e-06 2.038158848881721497e-02
9.846260566264390945e-01 1.728786155581474304e-04 5.387701094150543213e-06 1.519567705690860748e-02
9.885351164266467094e-01 7.496681064367294312e-05 3.763008862733840942e-05 1.135228667408227921e-02
9.794354215264320374e-01 1.909043639898300171e-04 1.471489667892456055e-06 2.037220261991024017e-02
9.848601454868912697e-01 1.702858135104179382e-04 5.306676030158996582e-06 1.496426202356815338e-02
9.836897291243076324e-01 1.832321286201477051e-04 5.712732672691345215e-06 1.612132601439952850e-02
9.848827812820672989e-01 1.700352877378463745e-04 5.299225449562072754e-06 1.494188420474529266e-02
9.854224370792508125e-01 1.640534028410911560e-04 5.112960934638977051e-06 1.440839655697345734e-02
9.790714513510465622e-01 1.942124217748641968e-04 1.495704054832458496e-06 2.073284052312374115e-02
9.885328570380806923e-01 7.498171180486679077e-05 3.763847053050994873e-05 1.135452277958393097e-02
9.883459620177745819e-01 7.618963718414306641e-05 3.824383020401000977e-05 1.153960451483726501e-02
9.888239447027444839e-01 7.309950888156890869e-05 3.669317811727523804e-05 1.106626261025667191e-02
9.839386008679866791e-01 1.804847270250320435e-04 5.625188350677490234e-06 1.587528921663761139e-02
9.796547442674636841e-01 1.889113336801528931e-04 1.454725861549377441e-06 2.015488967299461365e-02
9.850668506696820259e-01 1.679966226220130920e-04 5.235895514488220215e-06 1.475991681218147278e-02
9.841907955706119537e-01 1.776963472366333008e-04 5.537644028663635254e-06 1.562597043812274933e-02
9.791557621210813522e-01 1.934468746185302734e-04 1.490116119384765625e-06 2.064930088818073273e-02
9.836587216705083847e-01 1.835785806179046631e-04 5.720183253288269043e-06 1.615197956562042236e-02
9.793526511639356613e-01 1.916587352752685547e-04 1.475214958190917969e-06 2.045421488583087921e-02
9.849848439916968346e-01 1.689027994871139526e-04 5.264766514301300049e-06 1.484098844230175018e-02
9.849697016179561615e-01 1.690723001956939697e-04 5.269423127174377441e-06 1.485595665872097015e-02
9.854311328381299973e-01 1.639574766159057617e-04 5.110166966915130615e-06 1.439979951828718185e-02
9.801426269114017487e-01 1.844726502895355225e-04 1.419335603713989258e-06 1.967148110270500183e-02
9.886555466800928116e-01 7.418822497129440308e-05 3.723893314599990845e-05 1.123302616178989410e-02
9.887704700231552124e-01 7.344409823417663574e-05 3.686733543872833252e-05 1.111921854317188263e-02
9.886002531275153160e-01 7.454678416252136230e-05 3.741867840290069580e-05 1.128778140991926193e-02
9.884953387081623077e-01 7.522385567426681519e-05 3.775954246520996094e-05 1.139167789369821548e-02
9.797276817262172699e-01 1.882482320070266724e-04 1.451000571250915527e-06 2.008261904120445251e-02
9.855128498747944832e-01 1.630522310733795166e-04 5.081295967102050781e-06 1.431901659816503525e-02
9.851283533498644829e-01 1.673148944973945618e-04 5.214475095272064209e-06 1.469911728054285049e-02
9.847243605181574821e-01 1.717908307909965515e-04 5.353242158889770508e-06 1.509849540889263153e-02
9.882263019680976868e-01 7.696263492107391357e-05 3.863312304019927979e-05 1.165810227394104004e-02
9.806022606790065765e-01 1.802854239940643311e-04 1.387670636177062988e-06 1.921606622636318207e-02
9.845728548243641853e-01 1.734672114253044128e-04 5.407258868217468262e-06 1.524827070534229279e-02
9.776022117584943771e-01 2.075396478176116943e-04 1.598149538040161133e-06 2.218865044414997101e-02
9.781323038041591644e-01 2.027340233325958252e-04 1.560896635055541992e-06 2.166340127587318420e-02
9.793394953012466431e-01 1.917779445648193359e-04 1.477077603340148926e-06 2.046724967658519745e-02
9.784577265381813049e-01 1.997835934162139893e-04 1.538544893264770508e-06 2.134095132350921631e-02
9.837815910577774048e-01 1.822207123041152954e-04 5.679205060005187988e-06 1.603050902485847473e-02
9.888898013159632683e-01 7.267389446496963501e-05 3.647897392511367798e-05 1.100104581564664841e-02
9.896702049300074577e-01 6.762146949768066406e-05 3.394298255443572998e-05 1.022823061794042587e-02
9.848155081272125244e-01 1.707803457975387573e-04 5.324371159076690674e-06 1.500838715583086014e-02
9.849404552951455116e-01 1.693954691290855408e-04 5.280598998069763184e-06 1.488486863672733307e-02
9.885250050574541092e-01 7.503293454647064209e-05 3.766361624002456665e-05 1.136229839175939560e-02
9.802804756909608841e-01 1.832172274589538574e-04 1.411885023117065430e-06 1.953489519655704498e-02
9.880639184266328812e-01 7.801223546266555786e-05 3.915932029485702515e-05 1.181891001760959625e-02
9.885541563853621483e-01 7.484294474124908447e-05 3.756862133741378784e-05 1.133343204855918884e-02
9.853349803015589714e-01 1.650238409638404846e-04 5.144625902175903320e-06 1.449485123157501221e-02
9.798816200345754623e-01 1.868493854999542236e-04 1.437962055206298828e-06 1.993009261786937714e-02
9.845258165150880814e-01 1.739859580993652344e-04 5.424022674560546875e-06 1.529477350413799286e-02
9.801432769745588303e-01 1.844651997089385986e-04 1.421198248863220215e-06 1.967083662748336792e-02
9.791610855609178543e-01 1.933984458446502686e-04 1.490116119384765625e-06 2.064402587711811066e-02
9.796773605048656464e-01 1.887064427137374878e-04 1.452863216400146484e-06 2.013248018920421600e-02
9.846005989238619804e-01 1.731608062982559204e-04 5.396082997322082520e-06 1.522084418684244156e-02
9.886124730110168457e-01 7.446669042110443115e-05 3.737956285476684570e-05 1.127568073570728302e-02
9.886125046759843826e-01 7.446669042110443115e-05 3.737956285476684570e-05 1.127564907073974609e-02
9.845778085291385651e-01 1.734113320708274841e-04 5.405396223068237305e-06 1.524337474256753922e-02
9.841800499707460403e-01 1.778136938810348511e-04 5.541369318962097168e-06 1.563659496605396271e-02
9.853160064667463303e-01 1.652352511882781982e-04 5.149282515048980713e-06 1.451360899955034256e-02
9.859623732045292854e-01 1.580640673637390137e-04 4.925765097141265869e-06 1.387463696300983429e-02
9.793899543583393097e-01 1.913178712129592896e-04 1.473352313041687012e-06 2.041725441813468933e-02
9.798639602959156036e-01 1.870077103376388550e-04 1.439824700355529785e-06 1.994759216904640198e-02
9.777567163109779358e-01 2.061389386653900146e-04 1.586973667144775391e-06 2.203555777668952942e-02
9.881628975272178650e-01 7.737241685390472412e-05 3.883708268404006958e-05 1.172089297324419022e-02
9.798110071569681168e-01 1.874919980764389038e-04 1.443549990653991699e-06 2.000005729496479034e-02
9.844541540369391441e-01 1.747822389006614685e-04 5.448237061500549316e-06 1.536561548709869385e-02
9.798452761024236679e-01 1.871790736913681030e-04 1.441687345504760742e-06 1.996610313653945923e-02
9.831173121929168701e-01 1.895576715469360352e-04 5.908310413360595703e-06 1.668722182512283325e-02
9.890053812414407730e-01 7.192604243755340576e-05 3.610458225011825562e-05 1.088658813387155533e-02
9.856012575328350067e-01 1.620706170797348022e-04 5.051493644714355469e-06 1.423162035644054413e-02
9.834245853126049042e-01 1.861620694398880005e-04 5.804002285003662109e-06 1.638344861567020416e-02
9.852868095040321350e-01 1.655584201216697693e-04 5.159527063369750977e-06 1.454247254878282547e-02
9.885945990681648254e-01 7.458217442035675049e-05 3.743730485439300537e-05 1.129338145256042480e-02
9.876598957926034927e-01 8.061900734901428223e-05 4.046875983476638794e-05 1.221901644021272659e-02
9.840035662055015564e-01 1.797657459974288940e-04 5.600973963737487793e-06 1.581106707453727722e-02
9.885739069432020187e-01 7.471721619367599487e-05 3.750436007976531982e-05 1.131387148052453995e-02
9.856541398912668228e-01 1.614848151803016663e-04 5.032867193222045898e-06 1.417934242635965347e-02
9.774953853338956833e-01 2.085044980049133301e-04 1.605600118637084961e-06 2.229450456798076630e-02
9.888067748397588730e-01 7.320940494537353516e-05 3.674998879432678223e-05 1.108326576650142670e-02
9.844139525666832924e-01 1.752255484461784363e-04 5.463138222694396973e-06 1.540535874664783478e-02
9.880154198035597801e-01 7.832422852516174316e-05 3.931485116481781006e-05 1.186694111675024033e-02
9.807629529386758804e-01 1.788213849067687988e-04 1.376494765281677246e-06 1.905684918165206909e-02
9.889173507690429688e-01 7.249601185321807861e-05 3.638863563537597656e-05 1.097376458346843719e-02
9.800549745559692383e-01 1.852717250585556030e-04 1.426786184310913086e-06 1.975832693278789520e-02
9.785513523966073990e-01 1.989342272281646729e-04 1.531094312667846680e-06 2.124818228185176849e-02
9.883105335757136345e-01 7.641781121492385864e-05 3.835931420326232910e-05 1.157468929886817932e-02
9.799952823668718338e-01 1.858118921518325806e-04 1.432374119758605957e-06 1.981747336685657501e-02
9.880568813532590866e-01 7.805693894624710083e-05 3.918167203664779663e-05 1.182588003575801849e-02
9.837531745433807373e-01 1.825336366891860962e-04 5.688518285751342773e-06 1.605860330164432526e-02
9.841853138059377670e-01 1.777540892362594604e-04 5.541369318962097168e-06 1.563139073550701141e-02
9.854437243193387985e-01 1.638177782297134399e-04 5.105510354042053223e-06 1.438735239207744598e-02
9.888118719682097435e-01 7.317773997783660889e-05 3.673136234283447266e-05 1.107821892946958542e-02
9.890204593539237976e-01 7.182825356721878052e-05 3.605522215366363525e-05 1.087165717035531998e-02
9.845486236736178398e-01 1.737354323267936707e-04 5.414709448814392090e-06 1.527222618460655212e-02
9.787536300718784332e-01 1.970995217561721802e-04 1.518055796623229980e-06 2.104775235056877136e-02
9.882831443101167679e-01 7.659569382667541504e-05 3.844872117042541504e-05 1.160181127488613129e-02
9.844648353755474091e-01 1.746639609336853027e-04 5.442649126052856445e-06 1.535505801439285278e-02
9.845180697739124298e-01 1.740744337439537048e-04 5.424022674560546875e-06 1.530243176966905594e-02
9.891338953748345375e-01 7.109344005584716797e-05 3.568734973669052124e-05 1.075932383537292480e-02
9.801265560090541840e-01 1.846179366111755371e-04 1.423060894012451172e-06 1.968740299344062805e-02
9.890286056324839592e-01 7.177703082561492920e-05 3.602821379899978638e-05 1.086358912289142609e-02
9.850209280848503113e-01 1.685060560703277588e-04 5.250796675682067871e-06 1.480531506240367889e-02
9.791487231850624084e-01 1.935139298439025879e-04 1.488253474235534668e-06 2.065627463161945343e-02
9.842931888997554779e-01 1.765610650181770325e-04 5.504116415977478027e-06 1.552474591881036758e-02
9.796525854617357254e-01 1.889336854219436646e-04 1.452863216400146484e-06 2.015702798962593079e-02
9.888361319899559021e-01 7.302127778530120850e-05 3.665313124656677246e-05 1.105419360101222992e-02
9.848603438585996628e-01 1.702839508652687073e-04 5.308538675308227539e-06 1.496406365185976028e-02
9.887929698452353477e-01 7.330067455768585205e-05 3.679376095533370972e-05 1.109693571925163269e-02
9.884994914755225182e-01 7.519684731960296631e-05 3.774650394916534424e-05 1.138756517320871353e-02
9.847738584503531456e-01 1.712422817945480347e-04 5.338340997695922852e-06 1.504956092685461044e-02
9.848220814019441605e-01 1.707086339592933655e-04 5.318783223628997803e-06 1.500189118087291718e-02
9.889738215133547783e-01 7.213000208139419556e-05 3.620795905590057373e-05 1.091784052550792694e-02
9.849679712206125259e-01 1.690927892923355103e-04 5.269423127174377441e-06 1.485766656696796417e-02
9.885459411889314651e-01 7.489696145057678223e-05 3.759656101465225220e-05 1.134156528860330582e-02
9.848595615476369858e-01 1.702941954135894775e-04 5.306676030158996582e-06 1.496483758091926575e-02
9.849563669413328171e-01 1.692203804850578308e-04 5.275011062622070312e-06 1.486913766711950302e-02
9.793293718248605728e-01 1.918692141771316528e-04 1.478940248489379883e-06 2.047728002071380615e-02
9.795124605298042297e-01 1.902040094137191772e-04 1.465901732444763184e-06 2.029586955904960632e-02
9.802671615034341812e-01 1.833382993936538696e-04 1.411885023117065430e-06 1.954808831214904785e-02
9.779523089528083801e-01 2.043675631284713745e-04 1.572072505950927734e-06 2.184175141155719757e-02
9.780930913984775543e-01 2.030916512012481689e-04 1.564621925354003906e-06 2.170225232839584351e-02
9.890175489708781242e-01 7.184688001871109009e-05 3.606453537940979004e-05 1.087453961372375488e-02
9.885416533797979355e-01 7.492490112781524658e-05 3.760959953069686890e-05 1.134581211954355240e-02
9.882633937522768974e-01 7.672328501939773560e-05 3.851205110549926758e-05 1.162137091159820557e-02
9.888540366664528847e-01 7.290486246347427368e-05 3.659538924694061279e-05 1.103646308183670044e-02
9.884493928402662277e-01 7.552094757556915283e-05 3.790855407714843750e-05 1.143717765808105469e-02
9.890923593193292618e-01 7.136352360248565674e-05 3.582146018743515015e-05 1.080045569688081741e-02
9.890234256163239479e-01 7.180962711572647095e-05 3.604497760534286499e-05 1.086871977895498276e-02
9.848462464287877083e-01 1.704385504126548767e-04 5.313195288181304932e-06 1.497800182551145554e-02
9.799176864326000214e-01 1.865196973085403442e-04 1.436099410057067871e-06 1.989435777068138123e-02
9.799309503287076950e-01 1.863986253738403320e-04 1.436099410057067871e-06 1.988121494650840759e-02
9.793947078287601471e-01 1.912750303745269775e-04 1.473352313041687012e-06 2.041254378855228424e-02
9.887334648519754410e-01 7.368437945842742920e-05 3.698654472827911377e-05 1.115586422383785248e-02
9.854747587814927101e-01 1.634731888771057129e-04 5.095265805721282959e-06 1.435667276382446289e-02
9.781929571181535721e-01 2.021864056587219238e-04 1.555308699607849121e-06 2.160330116748809814e-02
9.788898788392543793e-01 1.958627253770828247e-04 1.508742570877075195e-06 2.091274969279766083e-02
9.887805562466382980e-01 7.337983697652816772e-05 3.683473914861679077e-05 1.110922917723655701e-02
9.841002207249403000e-01 1.786965876817703247e-04 5.569308996200561523e-06 1.571551337838172913e-02
9.784709103405475616e-01 1.996662467718124390e-04 1.536682248115539551e-06 2.132788673043251038e-02
9.884833479300141335e-01 7.530115544795989990e-05 3.779865801334381104e-05 1.140355225652456284e-02
9.851374616846442223e-01 1.672133803367614746e-04 5.210749804973602295e-06 1.469011418521404266e-02
9.842242524027824402e-01 1.773228868842124939e-04 5.528330802917480469e-06 1.559289637953042984e-02
9.791815653443336487e-01 1.932140439748764038e-04 1.486390829086303711e-06 2.062373422086238861e-02
9.888899903744459152e-01 7.267203181982040405e-05 3.647897392511367798e-05 1.100085861980915070e-02
9.798962417989969254e-01 1.867152750492095947e-04 1.437962055206298828e-06 1.991560496389865875e-02
9.888480436056852341e-01 7.294397801160812378e-05 3.661494702100753784e-05 1.104239746928215027e-02
9.892121097072958946e-01 7.058866322040557861e-05 3.543309867382049561e-05 1.068186853080987930e-02
9.887039139866828918e-01 7.387623190879821777e-05 3.708247095346450806e-05 1.118512731045484543e-02
9.841548018157482147e-01 1.780930906534194946e-04 5.552545189857482910e-06 1.566155254840850830e-02
9.776283744722604752e-01 2.072993665933609009e-04 1.596286892890930176e-06 2.216272987425327301e-02
9.849873324856162071e-01 1.688757911324501038e-04 5.264766514301300049e-06 1.483852695673704147e-02
9.781910832971334457e-01 2.022050321102142334e-04 1.555308699607849121e-06 2.160515636205673218e-02
9.786029253154993057e-01 1.984648406505584717e-04 1.529231667518615723e-06 2.119708061218261719e-02
9.853221466764807701e-01 1.651644706726074219e-04 5.148351192474365234e-06 1.450754050165414810e-02
9.847996057942509651e-01 1.709563657641410828e-04 5.328096449375152588e-06 1.502410974353551865e-02
9.882111465558409691e-01 7.705949246883392334e-05 3.868248313665390015e-05 1.167311146855354309e-02
9.793811161071062088e-01 1.913979649543762207e-04 1.475214958190917969e-06 2.042601071298122406e-02
9.891364201903343201e-01 7.107853889465332031e-05 3.567803651094436646e-05 1.075682323426008224e-02
9.841948170214891434e-01 1.776497811079025269e-04 5.538575351238250732e-06 1.562199462205171585e-02
9.887234102934598923e-01 7.374957203865051270e-05 3.701914101839065552e-05 1.116582099348306656e-02
9.797911699861288071e-01 1.876708120107650757e-04 1.447275280952453613e-06 2.001971192657947540e-02
9.882034668698906898e-01 7.710978388786315918e-05 3.870669752359390259e-05 1.168071664869785309e-02
9.854131592437624931e-01 1.641567796468734741e-04 5.115754902362823486e-06 1.441756822168827057e-02
9.789078943431377411e-01 1.956988126039505005e-04 1.505017280578613281e-06 2.089490182697772980e-02
9.797152820974588394e-01 1.883599907159805298e-04 1.451000571250915527e-06 2.009490691125392914e-02
9.797039646655321121e-01 1.884642988443374634e-04 1.451000571250915527e-06 2.010612003505229950e-02
9.887891868129372597e-01 7.332395762205123901e-05 3.680679947137832642e-05 1.110068242996931076e-02
9.883728818967938423e-01 7.601547986268997192e-05 3.815721720457077026e-05 1.151294540613889694e-02
9.888226911425590515e-01 7.310695946216583252e-05 3.669783473014831543e-05 1.106750406324863434e-02
9.888874962925910950e-01 7.268879562616348267e-05 3.648642450571060181e-05 1.100332848727703094e-02
9.853387093171477318e-01 1.649819314479827881e-04 5.141831934452056885e-06 1.449116691946983337e-02
9.851532876491546631e-01 1.670373603701591492e-04 5.206093192100524902e-06 1.467446889728307724e-02
9.844618244096636772e-01 1.746946945786476135e-04 5.445443093776702881e-06 1.535803545266389847e-02
9.795405454933643341e-01 1.899506896734237671e-04 1.462176442146301270e-06 2.026804164052009583e-02
9.772969223558902740e-01 2.103000879287719727e-04 1.622363924980163574e-06 2.249115519225597382e-02
9.886356722563505173e-01 7.431581616401672363e-05 3.730505704879760742e-05 1.125270687043666840e-02
9.839951116591691971e-01 1.798588782548904419e-04 5.606561899185180664e-06 1.581942290067672729e-02
9.888748144730925560e-01 7.276982069015502930e-05 3.652833402156829834e-05 1.101588737219572067e-02
9.794956017285585403e-01 1.903567463159561157e-04 1.467764377593994141e-06 2.031257376074790955e-02
9.839952625334262848e-01 1.798570156097412109e-04 5.606561899185180664e-06 1.581927388906478882e-02
9.803473949432373047e-01 1.826081424951553345e-04 1.406297087669372559e-06 1.946859061717987061e-02
9.888690263032913208e-01 7.280800491571426392e-05 3.654696047306060791e-05 1.102161873131990433e-02
9.839148465543985367e-01 1.807473599910736084e-04 5.634501576423645020e-06 1.589877158403396606e-02
9.850386893376708031e-01 1.683086156845092773e-04 5.246140062808990479e-06 1.478775590658187866e-02
9.888797178864479065e-01 7.273815572261810303e-05 3.651250153779983521e-05 1.101103145629167557e-02
9.887593565508723259e-01 7.351767271757125854e-05 3.690272569656372070e-05 1.113022305071353912e-02
9.890981446951627731e-01 7.132627069950103760e-05 3.580283373594284058e-05 1.079472620040178299e-02
9.843269083648920059e-01 1.761885359883308411e-04 5.491077899932861328e-06 1.549141202121973038e-02
9.787936322391033173e-01 1.967344433069229126e-04 1.516193151473999023e-06 2.100811712443828583e-02
9.790706019848585129e-01 1.942198723554611206e-04 1.497566699981689453e-06 2.073368057608604431e-02
9.792556315660476685e-01 1.925397664308547974e-04 1.482665538787841797e-06 2.055034600198268890e-02
9.837931673973798752e-01 1.820921897888183594e-04 5.675479769706726074e-06 1.601906493306159973e-02
9.843670241534709930e-01 1.757452264428138733e-04 5.477108061313629150e-06 1.545175351202487946e-02
9.788986686617136002e-01 1.957789063453674316e-04 1.508742570877075195e-06 2.090404368937015533e-02
9.883002163842320442e-01 7.648486644029617310e-05 3.839284181594848633e-05 1.158490590751171112e-02
9.890958517789840698e-01 7.134117186069488525e-05 3.581028431653976440e-05 1.079699676483869553e-02
9.802437182515859604e-01 1.835525035858154297e-04 1.413747668266296387e-06 1.957131549715995789e-02
9.849170185625553131e-01 1.696571707725524902e-04 5.287118256092071533e-06 1.490803714841604233e-02
9.846271257847547531e-01 1.728655770421028137e-04 5.388632416725158691e-06 1.519462000578641891e-02
