3.861507773399353027e-01 5.987049881368875504e-01 4.800804890692234039e-03 1.034342963248491287e-02
2.829595208168029785e-01 6.568839885294437408e-01 3.329707495868206024e-02 2.685941569507122040e-02
3.713040947914123535e-01 3.046932816505432129e-01 2.472036257386207581e-01 7.679899781942367554e-02
3.861507773399353027e-01 5.987049881368875504e-01 4.800804890692234039e-03 1.034342963248491287e-02
2.829595208168029785e-01 6.568839885294437408e-01 3.329707495868206024e-02 2.685941569507122040e-02
2.829595208168029785e-01 6.568839885294437408e-01 3.329707495868206024e-02 2.685941569507122040e-02
2.829595208168029785e-01 6.568839885294437408e-01 3.329707495868206024e-02 2.685941569507122040e-02
2.829595208168029785e-01 6.568839885294437408e-01 3.329707495868206024e-02 2.685941569507122040e-02
3.861507773399353027e-01 5.987049881368875504e-01 4.800804890692234039e-03 1.034342963248491287e-02
3.713040947914123535e-01 3.046932816505432129e-01 2.472036257386207581e-01 7.679899781942367554e-02
3.713040947914123535e-01 3.046932816505432129e-01 2.472036257386207581e-01 7.679899781942367554e-02
3.713040947914123535e-01 3.046932816505432129e-01 2.472036257386207581e-01 7.679899781942367554e-02
2.829595208168029785e-01 6.568839885294437408e-01 3.329707495868206024e-02 2.685941569507122040e-02
3.861507773399353027e-01 5.987049881368875504e-01 4.800804890692234039e-03 1.034342963248491287e-02
2.829595208168029785e-01 6.568839885294437408e-01 3.329707495868206024e-02 2.685941569507122040e-02
2.829595208168029785e-01 6.568839885294437408e-01 3.329707495868206024e-02 2.685941569507122040e-02
3.861507773399353027e-01 5.987049881368875504e-01 4.800804890692234039e-03 1.034342963248491287e-02
2.829595208168029785e-01 6.568839885294437408e-01 3.329707495868206024e-02 2.685941569507122040e-02
3.861507773399353027e-01 5.987049881368875504e-01 4.800804890692234039e-03 1.034342963248491287e-02
2.829595208168029785e-01 6.568839885294437408e-01 3.329707495868206024e-02 2.685941569507122040e-02
2.829595208168029785e-01 6.568839885294437408e-01 3.329707495868206024e-02 2.685941569507122040e-02
2.829595208168029785e-01 6.568839885294437408e-01 3.329707495868206024e-02 2.685941569507122040e-02
3.861507773399353027e-01 5.987049881368875504e-01 4.800804890692234039e-03 1.034342963248491287e-02
3.713040947914123535e-01 3.046932816505432129e-01 2.472036257386207581e-01 7.679899781942367554e-02
3.713040947914123535e-01 3.046932816505432129e-01 2.472036257386207581e-01 7.679899781942367554e-02
3.713040947914123535e-01 3.046932816505432129e-01 2.472036257386207581e-01 7.679899781942367554e-02
3.713040947914123535e-01 3.046932816505432129e-01 2.472036257386207581e-01 7.679899781942367554e-02
3.861507773399353027e-01 5.987049881368875504e-01 4.800804890692234039e-03 1.034342963248491287e-02
2.829595208168029785e-01 6.568839885294437408e-01 3.329707495868206024e-02 2.685941569507122040e-02
2.829595208168029785e-01 6.568839885294437408e-01 3.329707495868206024e-02 2.685941569507122040e-02
2.829595208168029785e-01 6.568839885294437408e-01 3.329707495868206024e-02 2.685941569507122040e-02
3.713040947914123535e-01 3.046932816505432129e-01 2.472036257386207581e-01 7.679899781942367554e-02
3.861507773399353027e-01 5.987049881368875504e-01 4.800804890692234039e-03 1.034342963248491287e-02
2.829595208168029785e-01 6.568839885294437408e-01 3.329707495868206024e-02 2.685941569507122040e-02
3.861507773399353027e-01 5.987049881368875504e-01 4.800804890692234039e-03 1.034342963248491287e-02
3.861507773399353027e-01 5.987049881368875504e-01 4.800804890692234039e-03 1.034342963248491287e-02
3.861507773399353027e-01 5.987049881368875504e-01 4.800804890692234039e-03 1.034342963248491287e-02
3.861507773399353027e-01 5.987049881368875504e-01 4.800804890692234039e-03 1.034342963248491287e-02
2.829595208168029785e-01 6.568839885294437408e-01 3.329707495868206024e-02 2.685941569507122040e-02
3.713040947914123535e-01 3.046932816505432129e-01 2.472036257386207581e-01 7.679899781942367554e-02
3.713040947914123535e-01 3.046932816505432129e-01 2.472036257386207581e-01 7.679899781942367554e-02
2.829595208168029785e-01 6.568839885294437408e-01 3.329707495868206024e-02 2.685941569507122040e-02
2.829595208168029785e-01 6.568839885294437408e-01 3.329707495868206024e-02 2.685941569507122040e-02
3.713040947914123535e-01 3.046932816505432129e-01 2.472036257386207581e-01 7.679899781942367554e-02
3.861507773399353027e-01 5.987049881368875504e-01 4.800804890692234039e-03 1.034342963248491287e-02
3.713040947914123535e-01 3.046932816505432129e-01 2.472036257386207581e-01 7.679899781942367554e-02
3.713040947914123535e-01 3.046932816505432129e-01 2.472036257386207581e-01 7.679899781942367554e-02
2.829595208168029785e-01 6.568839885294437408e-01 3.329707495868206024e-02 2.685941569507122040e-02
3.861507773399353027e-01 5.987049881368875504e-01 4.800804890692234039e-03 1.034342963248491287e-02
2.829595208168029785e-01 6.568839885294437408e-01 3.329707495868206024e-02 2.685941569507122040e-02
3.861507773399353027e-01 5.987049881368875504e-01 4.800804890692234039e-03 1.034342963248491287e-02
3.861507773399353027e-01 5.987049881368875504e-01 4.800804890692234039e-03 1.034342963248491287e-02
3.861507773399353027e-01 5.987049881368875504e-01 4.800804890692234039e-03 1.034342963248491287e-02
2.829595208168029785e-01 6.568839885294437408e-01 3.329707495868206024e-02 2.685941569507122040e-02
3.713040947914123535e-01 3.046932816505432129e-01 2.472036257386207581e-01 7.679899781942367554e-02
3.713040947914123535e-01 3.046932816505432129e-01 2.472036257386207581e-01 7.679899781942367554e-02
2.829595208168029785e-01 6.568839885294437408e-01 3.329707495868206024e-02 2.685941569507122040e-02
2.829595208168029785e-01 6.568839885294437408e-01 3.329707495868206024e-02 2.685941569507122040e-02
2.829595208168029785e-01 6.568839885294437408e-01 3.329707495868206024e-02 2.685941569507122040e-02
2.829595208168029785e-01 6.568839885294437408e-01 3.329707495868206024e-02 2.685941569507122040e-02
3.861507773399353027e-01 5.987049881368875504e-01 4.800804890692234039e-03 1.034342963248491287e-02
3.861507773399353027e-01 5.987049881368875504e-01 4.800804890692234039e-03 1.034342963248491287e-02
3.861507773399353027e-01 5.987049881368875504e-01 4.800804890692234039e-03 1.034342963248491287e-02
3.713040947914123535e-01 3.046932816505432129e-01 2.472036257386207581e-01 7.679899781942367554e-02
3.861507773399353027e-01 5.987049881368875504e-01 4.800804890692234039e-03 1.034342963248491287e-02
2.829595208168029785e-01 6.568839885294437408e-01 3.329707495868206024e-02 2.685941569507122040e-02
3.861507773399353027e-01 5.987049881368875504e-01 4.800804890692234039e-03 1.034342963248491287e-02
2.829595208168029785e-01 6.568839885294437408e-01 3.329707495868206024e-02 2.685941569507122040e-02
3.713040947914123535e-01 3.046932816505432129e-01 2.472036257386207581e-01 7.679899781942367554e-02
2.829595208168029785e-01 6.568839885294437408e-01 3.329707495868206024e-02 2.685941569507122040e-02
2.829595208168029785e-01 6.568839885294437408e-01 3.329707495868206024e-02 2.685941569507122040e-02
2.829595208168029785e-01 6.568839885294437408e-01 3.329707495868206024e-02 2.685941569507122040e-02
3.713040947914123535e-01 3.046932816505432129e-01 2.472036257386207581e-01 7.679899781942367554e-02
3.713040947914123535e-01 3.046932816505432129e-01 2.472036257386207581e-01 7.679899781942367554e-02
2.829595208168029785e-01 6.568839885294437408e-01 3.329707495868206024e-02 2.685941569507122040e-02
3.713040947914123535e-01 3.046932816505432129e-01 2.472036257386207581e-01 7.679899781942367554e-02
2.829595208168029785e-01 6.568839885294437408e-01 3.329707495868206024e-02 2.685941569507122040e-02
3.861507773399353027e-01 5.987049881368875504e-01 4.800804890692234039e-03 1.034342963248491287e-02
3.713040947914123535e-01 3.046932816505432129e-01 2.472036257386207581e-01 7.679899781942367554e-02
2.829595208168029785e-01 6.568839885294437408e-01 3.329707495868206024e-02 2.685941569507122040e-02
3.713040947914123535e-01 3.046932816505432129e-01 2.472036257386207581e-01 7.679899781942367554e-02
3.861507773399353027e-01 5.987049881368875504e-01 4.800804890692234039e-03 1.034342963248491287e-02
3.713040947914123535e-01 3.046932816505432129e-01 2.472036257386207581e-01 7.679899781942367554e-02
3.861507773399353027e-01 5.987049881368875504e-01 4.800804890692234039e-03 1.034342963248491287e-02
3.861507773399353027e-01 5.987049881368875504e-01 4.800804890692234039e-03 1.034342963248491287e-02
3.713040947914123535e-01 3.046932816505432129e-01 2.472036257386207581e-01 7.679899781942367554e-02
3.861507773399353027e-01 5.987049881368875504e-01 4.800804890692234039e-03 1.034342963248491287e-02
3.713040947914123535e-01 3.046932816505432129e-01 2.472036257386207581e-01 7.679899781942367554e-02
2.829595208168029785e-01 6.568839885294437408e-01 3.329707495868206024e-02 2.685941569507122040e-02
2.829595208168029785e-01 6.568839885294437408e-01 3.329707495868206024e-02 2.685941569507122040e-02
2.829595208168029785e-01 6.568839885294437408e-01 3.329707495868206024e-02 2.685941569507122040e-02
3.713040947914123535e-01 3.046932816505432129e-01 2.472036257386207581e-01 7.679899781942367554e-02
3.713040947914123535e-01 3.046932816505432129e-01 2.472036257386207581e-01 7.679899781942367554e-02
2.829595208168029785e-01 6.568839885294437408e-01 3.329707495868206024e-02 2.685941569507122040e-02
3.861507773399353027e-01 5.987049881368875504e-01 4.800804890692234039e-03 1.034342963248491287e-02
3.713040947914123535e-01 3.046932816505432129e-01 2.472036257386207581e-01 7.679899781942367554e-02
2.829595208168029785e-01 6.568839885294437408e-01 3.329707495868206024e-02 2.685941569507122040e-02
2.829595208168029785e-01 6.568839885294437408e-01 3.329707495868206024e-02 2.685941569507122040e-02
3.713040947914123535e-01 3.046932816505432129e-01 2.472036257386207581e-01 7.679899781942367554e-02
3.861507773399353027e-01 5.987049881368875504e-01 4.800804890692234039e-03 1.034342963248491287e-02
3.713040947914123535e-01 3.046932816505432129e-01 2.472036257386207581e-01 7.679899781942367554e-02
2.829595208168029785e-01 6.568839885294437408e-01 3.329707495868206024e-02 2.685941569507122040e-02
3.861507773399353027e-01 5.987049881368875504e-01 4.800804890692234039e-03 1.034342963248491287e-02
2.829595208168029785e-01 6.568839885294437408e-01 3.329707495868206024e-02 2.685941569507122040e-02
3.861507773399353027e-01 5.987049881368875504e-01 4.800804890692234039e-03 1.034342963248491287e-02
3.713040947914123535e-01 3.046932816505432129e-01 2.472036257386207581e-01 7.679899781942367554e-02
2.829595208168029785e-01 6.568839885294437408e-01 3.329707495868206024e-02 2.685941569507122040e-02
3.713040947914123535e-01 3.046932816505432129e-01 2.472036257386207581e-01 7.679899781942367554e-02
3.713040947914123535e-01 3.046932816505432129e-01 2.472036257386207581e-01 7.679899781942367554e-02
2.829595208168029785e-01 6.568839885294437408e-01 3.329707495868206024e-02 2.685941569507122040e-02
2.829595208168029785e-01 6.568839885294437408e-01 3.329707495868206024e-02 2.685941569507122040e-02
3.713040947914123535e-01 3.046932816505432129e-01 2.472036257386207581e-01 7.679899781942367554e-02
2.829595208168029785e-01 6.568839885294437408e-01 3.329707495868206024e-02 2.685941569507122040e-02
3.713040947914123535e-01 3.046932816505432129e-01 2.472036257386207581e-01 7.679899781942367554e-02
2.829595208168029785e-01 6.568839885294437408e-01 3.329707495868206024e-02 2.685941569507122040e-02
2.829595208168029785e-01 6.568839885294437408e-01 3.329707495868206024e-02 2.685941569507122040e-02
3.861507773399353027e-01 5.987049881368875504e-01 4.800804890692234039e-03 1.034342963248491287e-02
3.861507773399353027e-01 5.987049881368875504e-01 4.800804890692234039e-03 1.034342963248491287e-02
3.861507773399353027e-01 5.987049881368875504e-01 4.800804890692234039e-03 1.034342963248491287e-02
3.861507773399353027e-01 5.987049881368875504e-01 4.800804890692234039e-03 1.034342963248491287e-02
3.861507773399353027e-01 5.987049881368875504e-01 4.800804890692234039e-03 1.034342963248491287e-02
3.713040947914123535e-01 3.046932816505432129e-01 2.472036257386207581e-01 7.679899781942367554e-02
3.713040947914123535e-01 3.046932816505432129e-01 2.472036257386207581e-01 7.679899781942367554e-02
3.713040947914123535e-01 3.046932816505432129e-01 2.472036257386207581e-01 7.679899781942367554e-02
3.713040947914123535e-01 3.046932816505432129e-01 2.472036257386207581e-01 7.679899781942367554e-02
3.713040947914123535e-01 3.046932816505432129e-01 2.472036257386207581e-01 7.679899781942367554e-02
3.713040947914123535e-01 3.046932816505432129e-01 2.472036257386207581e-01 7.679899781942367554e-02
3.713040947914123535e-01 3.046932816505432129e-01 2.472036257386207581e-01 7.679899781942367554e-02
2.829595208168029785e-01 6.568839885294437408e-01 3.329707495868206024e-02 2.685941569507122040e-02
3.861507773399353027e-01 5.987049881368875504e-01 4.800804890692234039e-03 1.034342963248491287e-02
3.861507773399353027e-01 5.987049881368875504e-01 4.800804890692234039e-03 1.034342963248491287e-02
3.861507773399353027e-01 5.987049881368875504e-01 4.800804890692234039e-03 1.034342963248491287e-02
3.713040947914123535e-01 3.046932816505432129e-01 2.472036257386207581e-01 7.679899781942367554e-02
2.829595208168029785e-01 6.568839885294437408e-01 3.329707495868206024e-02 2.685941569507122040e-02
3.861507773399353027e-01 5.987049881368875504e-01 4.800804890692234039e-03 1.034342963248491287e-02
3.861507773399353027e-01 5.987049881368875504e-01 4.800804890692234039e-03 1.034342963248491287e-02
3.713040947914123535e-01 3.046932816505432129e-01 2.472036257386207581e-01 7.679899781942367554e-02
2.829595208168029785e-01 6.568839885294437408e-01 3.329707495868206024e-02 2.685941569507122040e-02
3.861507773399353027e-01 5.987049881368875504e-01 4.800804890692234039e-03 1.034342963248491287e-02
3.713040947914123535e-01 3.046932816505432129e-01 2.472036257386207581e-01 7.679899781942367554e-02
2.829595208168029785e-01 6.568839885294437408e-01 3.329707495868206024e-02 2.685941569507122040e-02
2.829595208168029785e-01 6.568839885294437408e-01 3.329707495868206024e-02 2.685941569507122040e-02
3.861507773399353027e-01 5.987049881368875504e-01 4.800804890692234039e-03 1.034342963248491287e-02
3.713040947914123535e-01 3.046932816505432129e-01 2.472036257386207581e-01 7.679899781942367554e-02
3.861507773399353027e-01 5.987049881368875504e-01 4.800804890692234039e-03 1.034342963248491287e-02
3.713040947914123535e-01 3.046932816505432129e-01 2.472036257386207581e-01 7.679899781942367554e-02
3.713040947914123535e-01 3.046932816505432129e-01 2.472036257386207581e-01 7.679899781942367554e-02
3.713040947914123535e-01 3.046932816505432129e-01 2.472036257386207581e-01 7.679899781942367554e-02
2.829595208168029785e-01 6.568839885294437408e-01 3.329707495868206024e-02 2.685941569507122040e-02
3.861507773399353027e-01 5.987049881368875504e-01 4.800804890692234039e-03 1.034342963248491287e-02
2.829595208168029785e-01 6.568839885294437408e-01 3.329707495868206024e-02 2.685941569507122040e-02
3.861507773399353027e-01 5.987049881368875504e-01 4.800804890692234039e-03 1.034342963248491287e-02
3.861507773399353027e-01 5.987049881368875504e-01 4.800804890692234039e-03 1.034342963248491287e-02
2.829595208168029785e-01 6.568839885294437408e-01 3.329707495868206024e-02 2.685941569507122040e-02
2.829595208168029785e-01 6.568839885294437408e-01 3.329707495868206024e-02 2.685941569507122040e-02
3.713040947914123535e-01 3.046932816505432129e-01 2.472036257386207581e-01 7.679899781942367554e-02
3.861507773399353027e-01 5.987049881368875504e-01 4.800804890692234039e-03 1.034342963248491287e-02
3.713040947914123535e-01 3.046932816505432129e-01 2.472036257386207581e-01 7.679899781942367554e-02
2.829595208168029785e-01 6.568839885294437408e-01 3.329707495868206024e-02 2.685941569507122040e-02
3.713040947914123535e-01 3.046932816505432129e-01 2.472036257386207581e-01 7.679899781942367554e-02
3.861507773399353027e-01 5.987049881368875504e-01 4.800804890692234039e-03 1.034342963248491287e-02
3.713040947914123535e-01 3.046932816505432129e-01 2.472036257386207581e-01 7.679899781942367554e-02
2.829595208168029785e-01 6.568839885294437408e-01 3.329707495868206024e-02 2.685941569507122040e-02
3.861507773399353027e-01 5.987049881368875504e-01 4.800804890692234039e-03 1.034342963248491287e-02
3.861507773399353027e-01 5.987049881368875504e-01 4.800804890692234039e-03 1.034342963248491287e-02
3.861507773399353027e-01 5.987049881368875504e-01 4.800804890692234039e-03 1.034342963248491287e-02
3.713040947914123535e-01 3.046932816505432129e-01 2.472036257386207581e-01 7.679899781942367554e-02
3.713040947914123535e-01 3.046932816505432129e-01 2.472036257386207581e-01 7.679899781942367554e-02
3.713040947914123535e-01 3.046932816505432129e-01 2.472036257386207581e-01 7.679899781942367554e-02
3.713040947914123535e-01 3.046932816505432129e-01 2.472036257386207581e-01 7.679899781942367554e-02
2.829595208168029785e-01 6.568839885294437408e-01 3.329707495868206024e-02 2.685941569507122040e-02
2.829595208168029785e-01 6.568839885294437408e-01 3.329707495868206024e-02 2.685941569507122040e-02
2.829595208168029785e-01 6.568839885294437408e-01 3.329707495868206024e-02 2.685941569507122040e-02
3.861507773399353027e-01 5.987049881368875504e-01 4.800804890692234039e-03 1.034342963248491287e-02
3.861507773399353027e-01 5.987049881368875504e-01 4.800804890692234039e-03 1.034342963248491287e-02
3.713040947914123535e-01 3.046932816505432129e-01 2.472036257386207581e-01 7.679899781942367554e-02
2.829595208168029785e-01 6.568839885294437408e-01 3.329707495868206024e-02 2.685941569507122040e-02
3.713040947914123535e-01 3.046932816505432129e-01 2.472036257386207581e-01 7.679899781942367554e-02
3.861507773399353027e-01 5.987049881368875504e-01 4.800804890692234039e-03 1.034342963248491287e-02
2.829595208168029785e-01 6.568839885294437408e-01 3.329707495868206024e-02 2.685941569507122040e-02
3.861507773399353027e-01 5.987049881368875504e-01 4.800804890692234039e-03 1.034342963248491287e-02
3.713040947914123535e-01 3.046932816505432129e-01 2.472036257386207581e-01 7.679899781942367554e-02
2.829595208168029785e-01 6.568839885294437408e-01 3.329707495868206024e-02 2.685941569507122040e-02
2.829595208168029785e-01 6.568839885294437408e-01 3.329707495868206024e-02 2.685941569507122040e-02
3.713040947914123535e-01 3.046932816505432129e-01 2.472036257386207581e-01 7.679899781942367554e-02
3.713040947914123535e-01 3.046932816505432129e-01 2.472036257386207581e-01 7.679899781942367554e-02
3.713040947914123535e-01 3.046932816505432129e-01 2.472036257386207581e-01 7.679899781942367554e-02
2.829595208168029785e-01 6.568839885294437408e-01 3.329707495868206024e-02 2.685941569507122040e-02
3.861507773399353027e-01 5.987049881368875504e-01 4.800804890692234039e-03 1.034342963248491287e-02
3.861507773399353027e-01 5.987049881368875504e-01 4.800804890692234039e-03 1.034342963248491287e-02
3.861507773399353027e-01 5.987049881368875504e-01 4.800804890692234039e-03 1.034342963248491287e-02
2.829595208168029785e-01 6.568839885294437408e-01 3.329707495868206024e-02 2.685941569507122040e-02
2.829595208168029785e-01 6.568839885294437408e-01 3.329707495868206024e-02 2.685941569507122040e-02
3.861507773399353027e-01 5.987049881368875504e-01 4.800804890692234039e-03 1.034342963248491287e-02
3.713040947914123535e-01 3.046932816505432129e-01 2.472036257386207581e-01 7.679899781942367554e-02
3.713040947914123535e-01 3.046932816505432129e-01 2.472036257386207581e-01 7.679899781942367554e-02
3.861507773399353027e-01 5.987049881368875504e-01 4.800804890692234039e-03 1.034342963248491287e-02
2.829595208168029785e-01 6.568839885294437408e-01 3.329707495868206024e-02 2.685941569507122040e-02
2.829595208168029785e-01 6.568839885294437408e-01 3.329707495868206024e-02 2.685941569507122040e-02
