2.546160560701978826e-01 7.156212263667165452e-01 1.550440234058412907e-02 1.425831522250141196e-02
3.413372976484909116e-01 5.936432777105847824e-01 3.798813707038380116e-02 2.703128757054062969e-02
3.977361913828555418e-01 3.004521424951679398e-01 2.365231022362769275e-01 6.528856388569957703e-02
3.776748522551424125e-01 5.785821743887643587e-01 2.542728252092110036e-02 1.831569083517216659e-02
2.858487997422867744e-01 6.537824598973214218e-01 3.404053251828168675e-02 2.632820784211008236e-02
3.130201311236056050e-01 6.239964832693855046e-01 3.246417177620035399e-02 3.051921383080870645e-02
2.563462852862102848e-01 6.793599389113846865e-01 3.858760489710587327e-02 2.570617090529913121e-02
2.403463853794002014e-01 6.998494325019016804e-01 3.496019494903809810e-02 2.484398716965994722e-02
3.580420892597347415e-01 6.080166742648335232e-01 1.791868372689759889e-02 1.602255274853402189e-02
3.179837295135257702e-01 3.165174073034608404e-01 2.994885061314894181e-01 6.601035705152392963e-02
3.530375631787222579e-01 3.312251787656627089e-01 2.506697629597280375e-01 6.506749509588700964e-02
3.683414069141267011e-01 3.293348318428785948e-01 2.288029817431758428e-01 7.352077949981894456e-02
3.623888319583691842e-01 5.680872815854236535e-01 3.502627422469954677e-02 3.449761223150762945e-02
3.451691886094733208e-01 6.225740549676340718e-01 1.685604199045745780e-02 1.540071443243513048e-02
2.819925503548350032e-01 6.578069803292988516e-01 3.385658089354245254e-02 2.634388842232355393e-02
2.557460844172105285e-01 6.849079734764796923e-01 3.447795779042645697e-02 2.486798431588341587e-02
3.531721325885198159e-01 6.110475841682986298e-01 1.947073773470929525e-02 1.630954550847216189e-02
3.000684181261707439e-01 6.482493941826056316e-01 2.767027559858805524e-02 2.401191209263551715e-02
3.392858148087105619e-01 6.277970914268343749e-01 1.727740232112569621e-02 1.563969144332946065e-02
3.267378527558167378e-01 6.110387388713873769e-01 3.433896900358412302e-02 2.788443936921174149e-02
2.775903115004817456e-01 6.626004241502557734e-01 3.378126245666097233e-02 2.602800189260159533e-02
2.443659442979913554e-01 7.024140787216595072e-01 2.970926348164645847e-02 2.351071349870263727e-02
2.932563071153297396e-01 6.703238854336921460e-01 1.824038975663928516e-02 1.817941769433875990e-02
3.643389737501386283e-01 3.286554812023410599e-01 2.418968035826443708e-01 6.510874146487601044e-02
3.658647032521695208e-01 3.315123276058193347e-01 2.358393018827605603e-01 6.678366725925041769e-02
4.132956445766263198e-01 2.971155807694225159e-01 2.267946419466396191e-01 6.279413270731157293e-02
3.669846243004501463e-01 3.429291417588378188e-01 2.223062370045240654e-01 6.777999693618810828e-02
3.933884340167999039e-01 5.748539046326253121e-01 1.659129974085664372e-02 1.516636160971813856e-02
3.368599090296955922e-01 6.036190604809570370e-01 3.356695691941552484e-02 2.595407356993189099e-02
2.744056162041649261e-01 6.619837395631027466e-01 3.702732792543045326e-02 2.658331630730191228e-02
2.690493493666162306e-01 6.721112237299462500e-01 3.212761353885627835e-02 2.671181336458108499e-02
2.932259648348071179e-01 3.515395700993897976e-01 2.803892117580416010e-01 7.484525330776148344e-02
3.721156291485144818e-01 5.988834644424869680e-01 1.496921212258925556e-02 1.403169428640922700e-02
3.034693185573619778e-01 6.377109833807881323e-01 3.297441912059335956e-02 2.584527894125657199e-02
3.645265072054647004e-01 6.038297073347125288e-01 1.653537919508975274e-02 1.510840626473298164e-02
1.808224501655188721e-01 7.835917480252834189e-01 1.672206452292288384e-02 1.886373728627477320e-02
2.950552519264512674e-01 6.727380760171298713e-01 1.679635933448437451e-02 1.541031272193450069e-02
3.777182563521999104e-01 5.905192855903539373e-01 1.666681890913295286e-02 1.509563914831315960e-02
3.170402153872147188e-01 6.150594945786579393e-01 3.971442323914270434e-02 2.818586679498480060e-02
3.317795454222064455e-01 3.744144751852572783e-01 2.282543982133007077e-01 6.555158117923566563e-02
2.851598092635572734e-01 4.665901949495875889e-01 1.860277702329250216e-01 6.222222555393009530e-02
2.900807960717072254e-01 6.492911975853089546e-01 3.488491773371190513e-02 2.574308860927187331e-02
2.886065536606969295e-01 6.479674118277343187e-01 3.673885183111121056e-02 2.668718268045742678e-02
3.472714902140015547e-01 3.521447370561961443e-01 2.351256487526166561e-01 6.545812397718567266e-02
4.614418779065557197e-01 5.022892261857176965e-01 1.655909184497912287e-02 1.970980406274748520e-02
3.161718764825018901e-01 3.649603953944370871e-01 2.462592346639765339e-01 7.260849345908446106e-02
3.074763397225643846e-01 3.340107517762073153e-01 2.779494315248438041e-01 8.056347697638453764e-02
2.647673777343299006e-01 6.752676896938438755e-01 3.382311481345755266e-02 2.614181775836859831e-02
3.385733752884747538e-01 6.231852565473112726e-01 2.198947482896409719e-02 1.625189333524995269e-02
2.757901157108023638e-01 6.595155431404116086e-01 3.652254313072259007e-02 2.817179801806338896e-02
3.458927898601064088e-01 6.152728785553127633e-01 1.993982887833915807e-02 1.889450270624156575e-02
2.550611130340061927e-01 7.112334711449790348e-01 1.753959443695697271e-02 1.616582138405781022e-02
4.412139264543120110e-01 5.253832147313993728e-01 1.652022213507597925e-02 1.688263667921271333e-02
1.978663741815832322e-01 7.481911042249508315e-01 3.125241132431490210e-02 2.269011026915124241e-02
3.549488532878254388e-01 3.054773045671368426e-01 2.649797298777135657e-01 7.459411226732409750e-02
3.613445466110458693e-01 3.347816039972069668e-01 2.308514995333639797e-01 7.302234985838318426e-02
3.554057427473014119e-01 5.740273146403691573e-01 3.722599647568796549e-02 3.334094613664148610e-02
3.284918656595132158e-01 6.148545694204875511e-01 3.043639381009271422e-02 2.621717110990660210e-02
2.743675926667496490e-01 6.658758940128789439e-01 3.274900906435666142e-02 2.700750425601469371e-02
3.531304727608915450e-01 5.801106418889382388e-01 3.610786064466379314e-02 3.065102470550642305e-02
2.733712232683824794e-01 6.924022811872695415e-01 1.638306416759418432e-02 1.784343137675396818e-02
3.089946694106303626e-01 6.577431507412130340e-01 1.821767738106486179e-02 1.504450246709177971e-02
3.044584575317098585e-01 6.586603466268812213e-01 1.972775992112361931e-02 1.715343592028526279e-02
3.053354879643008779e-01 3.921738089934523885e-01 2.366995169183759018e-01 6.579118612387074849e-02
2.742135974714521307e-01 6.941372869682662650e-01 1.688764306269630380e-02 1.476147249758530920e-02
3.419494923463431424e-01 5.956883884103261195e-01 3.548935356777761091e-02 2.687276567555312717e-02
4.081683562944448118e-01 5.597303881609597687e-01 1.640495043368172395e-02 1.569630511091367822e-02
2.964036266458005553e-01 6.363227992476141459e-01 4.032540054105761967e-02 2.694817356552765483e-02
3.382640636919785337e-01 3.581814945470992995e-01 2.367197059820640159e-01 6.683473577885812311e-02
2.282362249131494325e-01 7.165011230096783867e-01 2.732348841018533356e-02 2.793916366698692352e-02
3.637775045893641979e-01 5.687006573212658456e-01 4.145781871471673069e-02 2.606401937465334384e-02
2.938783823251128191e-01 6.440148916845042093e-01 3.511643587647791248e-02 2.699029011390497931e-02
4.050761488037799007e-01 3.045412680789135740e-01 2.167417807684567654e-01 7.364080234884971821e-02
3.424844773437302203e-01 3.442345641618327901e-01 2.449256103873235502e-01 6.835534810711353659e-02
2.680075257520483367e-01 6.621308191732496740e-01 3.779680104854145350e-02 3.206485402616057745e-02
3.560189517124828784e-01 3.737639650022075988e-01 2.094058673039732865e-01 6.081121598133620854e-02
3.107300590353476166e-01 6.226268372034946541e-01 3.566357199121956284e-02 3.097953176993816296e-02
3.498225402840621223e-01 6.126694696838168586e-01 2.153054285614457511e-02 1.597744717597650299e-02
3.900947101956391827e-01 3.269643903561904041e-01 2.189755070483903054e-01 6.396539239978006608e-02
2.230162958464292355e-01 7.218072582570503881e-01 3.197885909383935132e-02 2.319758680268103543e-02
3.994268745508235408e-01 3.022425246848228775e-01 2.343518922778012326e-01 6.397870848655221043e-02
2.788970948943053085e-01 6.795824955078390017e-01 2.462528102014284112e-02 1.689512857771296311e-02
3.695587994141165122e-01 3.309797026596497660e-01 2.343622953070843562e-01 6.509920261914942108e-02
3.058030440284663642e-01 6.541454962178174792e-01 2.217043704592578171e-02 1.788102270779032277e-02
2.359964149092270425e-01 7.301379274465825686e-01 1.797420127883922816e-02 1.589145636535112607e-02
4.080454918866838199e-01 2.921735195683681785e-01 2.347179299415576292e-01 6.506305860339053893e-02
4.364146929052851176e-01 5.315061342958659063e-01 1.685164906628848838e-02 1.522752373256036976e-02
3.570688553741129256e-01 3.085506360812013127e-01 2.701151621325776353e-01 6.426534641210809862e-02
3.701278381946303542e-01 5.509393351670779371e-01 4.247977045353198977e-02 3.645305618475971898e-02
3.266878265960286298e-01 6.055753870812110584e-01 4.014701895330830689e-02 2.758976736945202568e-02
2.997666086881011771e-01 6.391167040747376404e-01 3.435913670383454466e-02 2.675755053332670025e-02
3.474491895756225968e-01 3.532331415073782233e-01 2.329820139235180831e-01 6.633565499348101357e-02
3.656849575969902122e-01 3.300474827293850555e-01 2.377432827200167409e-01 6.652427695360794979e-02
2.534260591115884420e-01 6.874020557281050881e-01 3.420396171991999662e-02 2.496792344038656700e-02
3.662580682140851307e-01 5.964027153275274218e-01 1.950839578081325562e-02 1.783082067757417108e-02
3.205060284842039531e-01 3.680145945276505626e-01 2.471916763897166469e-01 6.428770059842889295e-02
2.368178789526024230e-01 6.974710527485468159e-01 3.992252742436955965e-02 2.578854087448119795e-02
3.308953148086609120e-01 6.081406993043488862e-01 3.406799404558054356e-02 2.689599184140956806e-02
3.612725296682689491e-01 3.357402753609668444e-01 2.362503325524521469e-01 6.673686241831201793e-02
3.107993020534266515e-01 6.466648131169637770e-01 2.258778625219144687e-02 1.994809857741819750e-02
3.320270012465559861e-01 3.381931459402776063e-01 2.548549084195291248e-01 7.492494439363728276e-02
3.044054760657493586e-01 6.274324946263682978e-01 3.817739179167430053e-02 2.998463751620812634e-02
3.930874302737883963e-01 5.733726241676436741e-01 1.769726340479138571e-02 1.584268215377648142e-02
3.900697732056394029e-01 5.663844976866023728e-01 2.442560510629536441e-02 1.912012400146292923e-02
2.896625827374558759e-01 6.727228865081986697e-01 1.997376362080692871e-02 1.764076713353852216e-02
4.051117607888114480e-01 3.121871835693985631e-01 2.225490672558883276e-01 6.015198838590171682e-02
3.653158190493487889e-01 5.714101330693760472e-01 3.391307969057420074e-02 2.936096819070104641e-02
3.998054434639513044e-01 3.139651126473139153e-01 2.209651267540000963e-01 6.526431713473468399e-02
4.062957851627050365e-01 2.988163756363051426e-01 2.291038107357054043e-01 6.578402846528444425e-02
3.241566062059008657e-01 6.065495624673996611e-01 3.555477560156632133e-02 3.373905572513324208e-02
3.070135799748497374e-01 6.285635220106059462e-01 3.322630791362812114e-02 3.119659010091617446e-02
3.898950620384666332e-01 3.136404418321090404e-01 2.313332999295188985e-01 6.513119619990544173e-02
2.493660533776549948e-01 6.920900705812704778e-01 3.340304011213567070e-02 2.514083592893881849e-02
4.192453303709379742e-01 3.410019125250473571e-01 1.850050917020759356e-01 5.474766540193871933e-02
2.566537085035558441e-01 6.867371106259658742e-01 3.026981533819840878e-02 2.633936553227974112e-02
2.787842108685352760e-01 6.577504295059487527e-01 3.611410599158468987e-02 2.735125363393140982e-02
4.147207301788546907e-01 5.514374870956035846e-01 1.767108884641826680e-02 1.617069387912361406e-02
3.406016091861953643e-01 6.174372011887965250e-01 2.038333678305222219e-02 2.157785284195596134e-02
3.812108868072244805e-01 5.867457371852934367e-01 1.710346141288777641e-02 1.493991459459432722e-02
4.535653290214535782e-01 5.091756347042390995e-01 2.039974439763824268e-02 1.685929187666896159e-02
3.322135248040921640e-01 6.356085489565982405e-01 1.764037045227249620e-02 1.453755578703714788e-02
3.430997083817563520e-01 3.221574437649560307e-01 2.641185903636745769e-01 7.062425748961312366e-02
3.652630084914933462e-01 2.964653340720374564e-01 2.720017187051957941e-01 6.626993873127348667e-02
4.130211842847693604e-01 3.367763068901867829e-01 1.899934276338633432e-01 6.020908119118055513e-02
3.586626825500863758e-01 3.405640502626195998e-01 2.323753816732407329e-01 6.839788551405334704e-02
3.598236861790168328e-01 3.224104955822647001e-01 2.517106550605805459e-01 6.605516317813799054e-02
3.796831674900677522e-01 3.168873815632921032e-01 2.369245008611808589e-01 6.650495008545936892e-02
4.020258455697663935e-01 2.992877152361662629e-01 2.323682781874034375e-01 6.631816100666398928e-02
3.138756762694553393e-01 6.288059205742146940e-01 3.192413465238138487e-02 2.539426850394852289e-02
3.577153434258531495e-01 6.089582866223887114e-01 1.688257443529044000e-02 1.644379551646770951e-02
3.938022729321188353e-01 5.736884635282777367e-01 1.574910728840391710e-02 1.676015625119942065e-02
3.309204320309215297e-01 6.379409272464829916e-01 1.615802655451425637e-02 1.498061416808132464e-02
3.493934903431225591e-01 3.454093152227871166e-01 2.319595434716608950e-01 7.323765096242945694e-02
2.421387140670056559e-01 6.996569104097982716e-01 3.336994241334022976e-02 2.483443310985570043e-02
2.585961520970259109e-01 7.065923932672237839e-01 1.809479823834016232e-02 1.671665639741004225e-02
3.382546603967906407e-01 6.178283551899601544e-01 2.350781559477429367e-02 2.040916881847482447e-02
4.178376342452386760e-01 2.826274134656716064e-01 2.349872385325353918e-01 6.454771375655447840e-02
2.645044352309999236e-01 6.725317446533392030e-01 3.486817478327093600e-02 2.809564533238987846e-02
3.875180236781847753e-01 5.732377531522289127e-01 2.194715021889997661e-02 1.729707295068608555e-02
4.013468797964130919e-01 3.117825027289941597e-01 2.168543913798670064e-01 7.001622609472581138e-02
2.656450437233854878e-01 6.797863783639316315e-01 3.080896433328060569e-02 2.375961357940227503e-02
2.084734403631173238e-01 6.961403664900359667e-01 5.963968740870250612e-02 3.574650573814396742e-02
3.428574435989933944e-01 6.207177516882683710e-01 2.015226692753220236e-02 1.627253778520590041e-02
3.705479055197534732e-01 3.214844901023709567e-01 2.424366653606224720e-01 6.553093901725315362e-02
3.279167060362904174e-01 6.075110700843813216e-01 3.798231816621255169e-02 2.658990571311565729e-02
3.602876322414690913e-01 3.324307354145074611e-01 2.399923665951270157e-01 6.728926574889658452e-02
3.952700810213173876e-01 3.102382204770455787e-01 2.289882398577087474e-01 6.550345864392828621e-02
3.792351743205550352e-01 2.970189981764814191e-01 2.595836002746672033e-01 6.416222722829617586e-02
2.878675202500190489e-01 6.495235107162504740e-01 3.315563620429026748e-02 2.945333282944021663e-02
3.989145404353909297e-01 5.674868368476154723e-01 1.743556133154023843e-02 1.616306138545328674e-02
2.744872475217098318e-01 6.495219291218542468e-01 4.604154483047821766e-02 2.994927852595772114e-02
3.213159735820266816e-01 6.386191412326919226e-01 2.124165904861947257e-02 1.882322613666195799e-02
5.858544874956002069e-01 3.625162191066646500e-01 3.173068165587554501e-02 1.989861174185966058e-02
2.135925782643301740e-01 7.318054369024084016e-01 2.942612890080529078e-02 2.517585593245611972e-02
3.340826199053472667e-01 6.037922103958276443e-01 3.540643764063521048e-02 2.671873205818995137e-02
3.487130302194622611e-01 3.357222802535315132e-01 2.418760980955033391e-01 7.368859143150280344e-02
3.132108889329071055e-01 6.537106338279563555e-01 1.757236536708816493e-02 1.550611187204834276e-02
3.375012900243879455e-01 3.468200778484167857e-01 2.433360949907111825e-01 7.234253713648404471e-02
3.039807719763575333e-01 6.326790580003072151e-01 3.663752817130910139e-02 2.670264185202606694e-02
3.458506875326781138e-01 3.664391434446043760e-01 2.244905188036075139e-01 6.321965021910984361e-02
3.284061946481904304e-01 6.371322889125456967e-01 1.861177283023865078e-02 1.584974360902503474e-02
4.118410601465175569e-01 2.988008350180068606e-01 2.245566690329430237e-01 6.480143580253244773e-02
3.735712044371221618e-01 5.699642833454838797e-01 3.108821995680791442e-02 2.537629226058598850e-02
2.758604658596954806e-01 6.901298521098639949e-01 1.811371115639932514e-02 1.589597087404111958e-02
3.334518146937938687e-01 6.230347052816099795e-01 2.205747349298383883e-02 2.145600653161223309e-02
2.969118721879221434e-01 6.685211278614400232e-01 1.885162800415840847e-02 1.571537194647932081e-02
3.711387938847909296e-01 3.490870348670872536e-01 2.158335862631490243e-01 6.394058498497286191e-02
4.655981753461764239e-01 2.586179006351678744e-01 2.020416880025072970e-01 7.374223601614844636e-02
3.641403624557329466e-01 3.441037717450555755e-01 2.272752665318966137e-01 6.448059926731493363e-02
3.625569383973246684e-01 3.980266358870433452e-01 1.801804247772358925e-01 5.923600093839608005e-02
3.127097685056230425e-01 6.212549452681858098e-01 3.575006771479835588e-02 3.028521851139290982e-02
2.554757525432279630e-01 6.972191136579095616e-01 2.581086037258545698e-02 2.149427342627699064e-02
3.731877250544084479e-01 5.643979977146156291e-01 3.137371564058840517e-02 3.104056159038737911e-02
3.439196759320210517e-01 6.238902147337552773e-01 1.682030168291306915e-02 1.536980765131067822e-02
2.952803910737438753e-01 6.688538021786134546e-01 1.700739673939528906e-02 1.885841000824745040e-02
3.677674775372161697e-01 3.413190960926395512e-01 2.256783879742336740e-01 6.523503839591068831e-02
3.007022536594527451e-01 6.243528968004652402e-01 4.443816329971624762e-02 3.050668624036571852e-02
3.521605814940471091e-01 3.389969675072451727e-01 2.425260789860129995e-01 6.631637201269471871e-02
3.966447270051591811e-01 5.685153166622460841e-01 1.932369935769717023e-02 1.551625697489758364e-02
3.395449836696796120e-01 5.823365628298732277e-01 4.355333382976846884e-02 3.456511967067862900e-02
3.447213675524168353e-01 6.134920300240463975e-01 2.360036383724730541e-02 1.818623858628954162e-02
4.012027497878981608e-01 2.592636042680984687e-01 2.705473470913075662e-01 6.898629885269580431e-02
3.269822479543768590e-01 6.095204247509123929e-01 3.642378267495163802e-02 2.707354461975911702e-02
2.592294581855987268e-01 6.769370010727056020e-01 3.719945310512506181e-02 2.663408763657055742e-02
3.641882048938201444e-01 3.107240871392681347e-01 2.591955365646070875e-01 6.589217140230456404e-02
4.118480537667801311e-01 3.295283211781476207e-01 1.977720017697441324e-01 6.085162328532800480e-02
3.409679151149053178e-01 3.583209633415370687e-01 2.340631317727973337e-01 6.664798977076030750e-02
2.482731058225115250e-01 6.903965095589627010e-01 3.544603104777207386e-02 2.588435357075371396e-02
4.370142810568183878e-01 5.282237299561438615e-01 1.858949504073978409e-02 1.617249394629801870e-02
4.404001426394281160e-01 5.247601289053928086e-01 1.863608090956491228e-02 1.620364754561411796e-02
2.501555219534759567e-01 7.095991296828421113e-01 2.148849238588450283e-02 1.875685597779737021e-02
2.550114401090069483e-01 6.782866954325583730e-01 3.829037752090104496e-02 2.841148693753355742e-02
2.817818419864650537e-01 6.574820843323225805e-01 3.253854413587824179e-02 2.819752954533412403e-02
3.908086827102802974e-01 5.714622733804444188e-01 1.861274894720264458e-02 1.911629496207271559e-02
3.901334949739867497e-01 2.696517111347236928e-01 2.793006387298701543e-01 6.091415516141936159e-02
3.496017120378772658e-01 3.223634959370950126e-01 2.627899653748803632e-01 6.524482665014741389e-02
3.593675794219751141e-01 6.054620103174855883e-01 1.925892639014225444e-02 1.591148387039693565e-02
3.142861058266339658e-01 6.272187395036783464e-01 3.200142110756261371e-02 2.649373356212509842e-02
2.923855509980137768e-01 6.372950954295908410e-01 3.892275003713487752e-02 3.139660353526037978e-02
