8.544122427701950073e-01 1.447924157837405801e-01 2.404970000497996807e-04 5.548444460146129131e-04
4.627625942230224609e-01 5.264381775632500648e-01 6.492039654403924942e-03 4.307188559323549271e-03
9.522193670272827148e-02 3.284800052642822266e-01 4.564670473337173462e-01 1.198310106992721558e-01
6.212294101715087891e-01 3.759305081330239773e-01 8.575639221817255020e-04 1.982517773285508156e-03
8.440101146697998047e-02 8.230289146304130554e-01 5.371853336691856384e-02 3.885154053568840027e-02
7.852299511432647705e-01 2.122046113945543766e-01 1.547327032312750816e-03 1.018110429868102074e-03
8.662706613540649414e-02 8.231664746999740601e-01 5.240406468510627747e-02 3.780239447951316833e-02
1.209752559661865234e-01 8.150660172104835510e-01 3.759765997529029846e-02 2.636106684803962708e-02
3.374409079551696777e-01 6.534703578799962997e-01 2.732317429035902023e-03 6.356416735798120499e-03
9.669495075941085815e-01 2.818153193220496178e-02 4.379452497232705355e-03 4.895079764537513256e-04
9.912008047103881836e-02 3.354679346084594727e-01 4.501893967390060425e-01 1.152225881814956665e-01
1.663770079612731934e-01 4.159563183784484863e-01 3.506837338209152222e-01 6.698293983936309814e-02
5.406773090362548828e-02 8.046540915966033936e-01 8.007758110761642456e-02 6.120059639215469360e-02
1.912950873374938965e-01 7.893391270190477371e-01 5.779515020549297333e-03 1.358627062290906906e-02
8.241105079650878906e-02 8.228089585900306702e-01 5.494465306401252747e-02 3.983533754944801331e-02
6.842100620269775391e-02 8.180758580565452576e-01 6.521965935826301575e-02 4.828347638249397278e-02
8.326046913862228394e-01 1.664570155553519726e-01 2.836947096511721611e-04 6.545983487740159035e-04
9.863761467859148979e-01 1.349398546153679490e-02 7.840473699616268277e-05 5.146301555214449763e-05
2.176898717880249023e-01 7.657999321818351746e-01 4.937350749969482422e-03 1.157284528017044067e-02
2.543447613716125488e-01 7.188262380659580231e-01 1.602319441735744476e-02 1.080580614507198334e-02
1.611967682838439941e-01 7.921527475118637085e-01 2.762988582253456116e-02 1.902059838175773621e-02
1.109623312950134277e-01 8.189732879400253296e-01 4.107566550374031067e-02 2.898871526122093201e-02
1.023006439208984375e-01 8.583219759166240692e-01 1.158248446881771088e-02 2.779489569365978241e-02
1.175292730331420898e-01 3.644399642944335938e-01 4.208958148956298828e-01 9.713494777679443359e-02
1.204631924629211426e-01 3.684967160224914551e-01 4.163320586085319519e-01 9.470803290605545044e-02
9.864091873168945312e-02 3.346261978149414062e-01 4.509609192609786987e-01 1.157719641923904419e-01
7.419931888580322266e-02 2.847287654876708984e-01 4.894075691699981689e-01 1.516643464565277100e-01
9.506849236786365509e-01 4.907281759369652718e-02 7.328292122110724449e-05 1.689758064458146691e-04
1.637852191925048828e-01 7.904029823839664459e-01 2.714288234710693359e-02 1.866891607642173767e-02
8.299958705902099609e-02 8.228838965296745300e-01 5.457683280110359192e-02 3.953968361020088196e-02
4.322010278701782227e-02 7.844752073287963867e-01 9.610309451818466187e-02 7.620159536600112915e-02
1.786690950393676758e-02 9.488910436630249023e-02 4.466452300548553467e-01 4.405987560749053955e-01
9.426729232072830200e-01 5.704307756968773901e-02 8.590682409703731537e-05 1.980923989322036505e-04
8.809089660644531250e-02 8.231982290744781494e-01 5.157069489359855652e-02 3.714017942547798157e-02
9.847905812785029411e-01 1.513727825658861548e-02 2.182496973546221852e-05 5.031549517298117280e-05
5.731447041034698486e-01 4.233883288688957691e-01 1.046390738338232040e-03 2.420576289296150208e-03
9.421569108963012695e-02 8.628045208752155304e-01 1.260859891772270203e-02 3.037118911743164062e-02
9.999522279649681877e-01 4.754886472824182420e-05 6.752023296030529309e-08 1.556500706101360265e-07
7.274532318115234375e-02 8.202191069722175598e-01 6.169343367218971252e-02 4.534213617444038391e-02
8.037376403808593750e-02 2.987201213836669922e-01 4.800539612770080566e-01 1.408521533012390137e-01
9.753066692501306534e-01 2.108215028420090675e-02 3.248537512263283134e-03 3.626429534051567316e-04
1.195281147956848145e-01 8.156893029808998108e-01 3.806813620030879974e-02 2.671444602310657501e-02
1.006385087966918945e-01 8.218393027782440186e-01 4.529633745551109314e-02 3.222585096955299377e-02
9.978544712066650391e-02 3.366290926933288574e-01 4.491180926561355591e-01 1.144673675298690796e-01
6.046630442142486572e-01 3.922920678742229939e-01 9.192724246531724930e-04 2.125615486875176430e-03
2.133254408836364746e-01 4.411767423152923584e-01 2.953110896050930023e-01 5.018672719597816467e-02
2.284940481185913086e-01 4.456635117530822754e-01 2.796953693032264709e-01 4.614707082509994507e-02
8.295053243637084961e-02 8.228779286146163940e-01 5.460734665393829346e-02 3.956419229507446289e-02
8.052235841751098633e-02 8.688372187316417694e-01 1.477170363068580627e-02 3.586871922016143799e-02
9.408783912658691406e-02 8.228869289159774780e-01 4.839105159044265747e-02 3.463418036699295044e-02
1.113063097000122070e-01 8.527377359569072723e-01 1.060266606509685516e-02 2.535328827798366547e-02
1.094396710395812988e-01 8.539395518600940704e-01 1.079345867037773132e-02 2.582731842994689941e-02
6.127724051475524902e-01 3.842843344900757074e-01 8.886535651981830597e-04 2.054606797173619270e-03
1.037703752517700195e-01 8.211134895682334900e-01 4.393799416720867157e-02 3.117814101278781891e-02
7.686548829078674316e-01 1.900411546230316162e-01 3.700999915599822998e-02 4.293963313102722168e-03
6.335735321044921875e-02 2.575451135635375977e-01 5.042997598648071289e-01 1.747977733612060547e-01
7.143795490264892578e-02 8.196440041065216064e-01 6.272232532501220703e-02 4.619571566581726074e-02
1.063113808631896973e-01 8.204289823770523071e-01 4.288772679865360260e-02 3.037190996110439301e-02
8.617234230041503906e-02 8.231473416090011597e-01 5.266784504055976868e-02 3.801247105002403259e-02
5.029052495956420898e-02 7.989054620265960693e-01 8.506354689598083496e-02 6.574046611785888672e-02
1.333228349685668945e-01 8.372056260704994202e-01 8.731685578823089600e-03 2.073985338211059570e-02
1.628952026367187500e-01 8.136619105935096741e-01 6.975846365094184875e-03 1.646704040467739105e-02
8.484494686126708984e-02 8.671859651803970337e-01 1.402034610509872437e-02 3.394874185323715210e-02
9.555631503462791443e-01 3.782406635582447052e-02 5.946908087935298681e-03 6.658752099610865116e-04
1.479013562202453613e-01 8.258911129087209702e-01 7.782997563481330872e-03 1.842453330755233765e-02
8.547753095626831055e-02 8.231093212962150574e-01 5.307552963495254517e-02 3.833761811256408691e-02
2.390159368515014648e-01 7.463292926549911499e-01 4.388285800814628601e-03 1.026648469269275665e-02
4.800876975059509277e-01 5.098311705514788628e-01 6.062104366719722748e-03 4.019027575850486755e-03
7.432931661605834961e-02 2.850340604782104492e-01 4.892154484987258911e-01 1.514211744070053101e-01
1.702210307121276855e-01 7.859477214515209198e-01 2.599136717617511749e-02 1.783988066017627716e-02
9.747576713562011719e-02 8.224292621016502380e-01 4.674527421593666077e-02 3.334969654679298401e-02
1.361886262893676758e-01 8.075231388211250305e-01 3.319983743131160736e-02 2.308839745819568634e-02
9.135460257530212402e-01 7.308824732899665833e-02 1.201158459298312664e-02 1.354142324998974800e-03
1.646675467491149902e-01 4.146524965763092041e-01 3.529193699359893799e-01 6.776058673858642578e-02
8.205389976501464844e-02 8.227592632174491882e-01 5.517008155584335327e-02 4.001675546169281006e-02
9.916629204526543617e-01 7.135066320188343525e-03 1.081566246284637600e-03 1.204469808726571500e-04
1.275916099548339844e-01 8.119947835803031921e-01 3.556900098919868469e-02 2.484460547566413879e-02
9.504443407058715820e-02 8.623718842864036560e-01 1.249605230987071991e-02 3.008762933313846588e-02
3.565562963485717773e-01 4.381517618894577026e-01 1.800865288823843002e-01 2.520541287958621979e-02
9.211164712905883789e-02 8.230636194348335266e-01 4.939936473965644836e-02 3.542536869645118713e-02
1.044225692749023438e-01 3.444717526435852051e-01 4.416669532656669617e-01 1.094387248158454895e-01
1.116724014282226562e-01 8.524995259940624237e-01 1.056594587862491608e-02 2.526212669909000397e-02
2.980405092239379883e-01 4.498207271099090576e-01 2.194934561848640442e-01 3.264530748128890991e-02
1.100403666496276855e-01 8.535551689565181732e-01 1.073140092194080353e-02 2.567306347191333771e-02
8.010745048522949219e-02 8.689814023673534393e-01 1.484767347574234009e-02 3.606347367167472839e-02
2.094194293022155762e-01 4.397648274898529053e-01 2.995001636445522308e-01 5.131557956337928772e-02
8.909927681088447571e-01 1.084360496024601161e-01 1.727423223201185465e-04 3.984399663750082254e-04
6.101632118225097656e-02 2.512012720108032227e-01 5.071182399988174438e-01 1.806641668081283569e-01
7.098734378814697266e-02 8.194317221641540527e-01 6.308414787054061890e-02 4.649678617715835571e-02
7.520643323659896851e-01 2.448450883384793997e-01 1.863673212938010693e-03 1.226906082592904568e-03
3.714042901992797852e-02 7.668534070253372192e-01 1.079156622290611267e-01 8.809050172567367554e-02
9.271270036697387695e-02 3.238088488578796387e-01 4.605036899447441101e-01 1.229747608304023743e-01
1.555924415588378906e-01 4.071966111660003662e-01 3.650604486465454102e-01 7.215049862861633301e-02
9.944847295992076397e-01 5.463121378852520138e-03 3.148474934278056026e-05 2.066427259705960751e-05
9.471517801284790039e-02 8.625445812940597534e-01 1.254054345190525055e-02 3.019969724118709564e-02
8.047497272491455078e-02 2.989413142204284668e-01 4.798972010612487793e-01 1.406865119934082031e-01
5.720901489257812500e-02 8.086133599281311035e-01 7.632408291101455688e-02 5.785354226827621460e-02
8.856993615627288818e-01 1.130885459715500474e-01 7.314590911846607924e-04 4.806333745364099741e-04
7.444983720779418945e-02 2.853164672851562500e-01 4.890372455120086670e-01 1.511964499950408936e-01
6.944626569747924805e-02 8.716467060148715973e-01 1.707680150866508484e-02 4.183022677898406982e-02
6.044940054416656494e-01 3.098689541220664978e-01 7.634936552494764328e-02 9.287674911320209503e-03
7.137238979339599609e-02 8.196135461330413818e-01 6.277475133538246155e-02 4.623931273818016052e-02
3.521724343299865723e-01 6.393077559769153595e-01 2.562311012297868729e-03 5.957498680800199509e-03
5.096143186092376709e-01 4.814179157838225365e-01 5.395018029958009720e-03 3.572747576981782913e-03
8.054238557815551758e-02 8.688302412629127502e-01 1.476804167032241821e-02 3.585933148860931396e-02
9.955619345419108868e-01 3.800345351919531822e-03 5.738502295571379364e-04 6.386987661244347692e-05
1.607407331466674805e-01 7.924583852291107178e-01 2.771717868745326996e-02 1.908370293676853180e-02
7.930693030357360840e-01 1.709250882267951965e-01 3.228090750053524971e-02 3.724701236933469772e-03
9.920304762199521065e-01 6.820867885835468769e-03 1.033561085932888091e-03 1.150948082795366645e-04
7.491397857666015625e-02 8.210443481802940369e-01 6.005280837416648865e-02 4.398886486887931824e-02
1.299077272415161133e-02 5.702781081199645996e-01 1.960906386375427246e-01 2.206404805183410645e-01
1.590620279312133789e-01 4.101556837558746338e-01 3.603643178939819336e-01 7.041797041893005371e-02
6.742161512374877930e-02 8.174771666526794434e-01 6.608716025948524475e-02 4.901405796408653259e-02
1.417196393013000488e-01 3.939208686351776123e-01 3.845126926898956299e-01 7.984679937362670898e-02
9.257930517196655273e-02 8.230281397700309753e-01 4.915737360715866089e-02 3.523518145084381104e-02
8.910889253020286560e-01 1.077630472136661410e-01 6.928155198693275452e-04 4.552119644358754158e-04
2.992188930511474609e-01 6.899590548127889633e-01 3.249417059123516083e-03 7.572635076940059662e-03
9.976929426193237305e-02 8.597853593528270721e-01 1.188728027045726776e-02 2.855806611478328705e-02
9.924587849527597427e-01 7.505721030611312017e-03 1.073845851351507008e-05 2.475555811543017626e-05
9.828710015863180161e-01 1.704759514541365206e-02 2.462718111928552389e-05 5.677608714904636145e-05
3.636980652809143066e-01 6.281955158337950706e-01 2.438696101307868958e-03 5.667722783982753754e-03
1.619198918342590332e-01 4.124912619590759277e-01 3.565467819571495056e-01 6.904206424951553345e-02
1.474626064300537109e-01 3.997070491313934326e-01 3.763294667005538940e-01 7.650087773799896240e-02
2.281672954559326172e-01 4.455827474594116211e-01 2.800211943686008453e-01 4.622876271605491638e-02
3.528906106948852539e-01 4.391922950744628906e-01 1.823151838034391403e-01 2.560191042721271515e-02
7.171726226806640625e-02 2.788102030754089355e-01 4.930254369974136353e-01 1.564470976591110229e-01
2.467652559280395508e-01 4.491549134254455566e-01 2.621759995818138123e-01 4.190383106470108032e-02
9.693076107650995255e-01 2.618020493537187576e-02 4.058691556565463543e-03 4.534927429631352425e-04
1.664752364158630371e-01 7.885584235191345215e-01 2.665157429873943329e-02 1.831476576626300812e-02
1.676886677742004395e-01 8.096508458256721497e-01 6.746822968125343323e-03 1.591366343200206757e-02
7.084353268146514893e-01 2.896458174800500274e-01 5.797722842544317245e-04 1.339083421044051647e-03
1.533970832824707031e-01 8.214696105569601059e-01 7.469763979315757751e-03 1.766354218125343323e-02
8.513493686914443970e-01 1.242658235132694244e-01 2.188922441564500332e-02 2.495583379641175270e-03
9.106826782226562500e-02 8.231284841895103455e-01 4.994690045714378357e-02 3.585634753108024597e-02
8.343750238418579102e-02 8.677524290978908539e-01 1.425722241401672363e-02 3.455284610390663147e-02
8.907884955406188965e-01 1.086391212884336710e-01 1.731053343974053860e-04 3.992778365500271320e-04
9.577647782862186432e-01 3.596237115561962128e-02 5.641399242449551821e-03 6.314513157121837139e-04
8.759033679962158203e-02 8.231923952698707581e-01 5.185300856828689575e-02 3.736425936222076416e-02
1.027315855026245117e-01 8.580677919089794159e-01 1.153199560940265656e-02 2.766862697899341583e-02
9.836852550506591797e-02 3.341454267501831055e-01 4.513996392488479614e-01 1.160864084959030151e-01
9.143853187561035156e-02 8.231078013777732849e-01 4.975135251879692078e-02 3.570231422781944275e-02
4.839664697647094727e-02 7.955552190542221069e-01 8.778380602598190308e-02 6.826432794332504272e-02
1.104279756546020508e-01 8.533059172332286835e-01 1.069169677793979645e-02 2.557441033422946930e-02
1.621732711791992188e-01 4.126940369606018066e-01 3.562104627490043640e-01 6.892222911119461060e-02
9.507173299789428711e-02 8.623575307428836823e-01 1.249237358570098877e-02 3.007836267352104187e-02
1.901207566261291504e-01 4.310823082923889160e-01 3.212716355919837952e-01 5.752529948949813843e-02
3.947690725326538086e-01 4.252645075321197510e-01 1.584713235497474670e-01 2.149509638547897339e-02
8.201972246170043945e-01 1.493770424276590347e-01 2.729450701735913754e-02 3.131225937977433205e-03
9.966444969177246094e-02 8.220368623733520508e-01 4.573403298854827881e-02 3.256465494632720947e-02
9.358737245202064514e-01 6.380629644263535738e-02 9.678793139755725861e-05 2.231911057606339455e-04
5.812788009643554688e-02 8.096467405557632446e-01 7.528661936521530151e-02 5.693875998258590698e-02
6.124728918075561523e-02 8.719377070665359497e-01 1.925342902541160583e-02 4.756157472729682922e-02
9.741140156984329224e-01 2.576186397345736623e-02 3.754938370548188686e-05 8.657094440422952175e-05
6.521468758583068848e-01 3.428622377105057240e-01 3.007311606779694557e-03 1.983574824407696724e-03
2.257000803947448730e-01 7.430471815168857574e-01 1.863093860447406769e-02 1.262179948389530182e-02
4.928535223007202148e-02 2.165797352790832520e-01 5.175911188125610352e-01 2.165437936782836914e-01
8.211676776409149170e-01 1.778160401154309511e-01 3.072581603191792965e-04 7.090240833349525928e-04
9.367528557777404785e-01 5.367475189268589020e-02 8.605909300968050957e-03 9.664830286055803299e-04
9.580308198928833008e-02 8.226787671446800232e-01 4.754519835114479065e-02 3.397295251488685608e-02
3.912783861160278320e-01 4.265855997800827026e-01 1.603309828788042068e-01 2.180503122508525848e-02
4.213168621063232422e-01 5.723079037852585316e-01 1.920233480632305145e-03 4.455000627785921097e-03
7.663404941558837891e-01 1.918388940393924713e-01 3.747083665803074837e-02 4.349775146692991257e-03
3.873074054718017578e-01 5.980346221476793289e-01 8.798011112958192825e-03 5.859961267560720444e-03
7.626187801361083984e-02 8.701856732368469238e-01 1.558716967701911926e-02 3.796527907252311707e-02
1.088879704475402832e-01 8.542905636131763458e-01 1.085101068019866943e-02 2.597045525908470154e-02
9.039020538330078125e-02 8.647119812667369843e-01 1.315261051058769226e-02 3.174520283937454224e-02
1.615571379661560059e-01 4.121999442577362061e-01 3.570287153124809265e-01 6.921420246362686157e-02
3.507046103477478027e-01 4.397951811552047729e-01 1.836580652743577957e-01 2.584214322268962860e-02
5.551421046257019043e-01 3.419526815414428711e-01 9.155360795557498932e-02 1.135160587728023529e-02
9.843545742332935333e-01 1.337539986707270145e-02 2.042340405751019716e-03 2.276854938827455044e-04
1.198439598083496094e-01 8.155548647046089172e-01 3.796457126736640930e-02 2.663660421967506409e-02
1.011474728584289551e-01 8.217305764555931091e-01 4.507060348987579346e-02 3.205134719610214233e-02
5.251708030700683594e-01 4.663985632359981537e-01 5.072973901405930519e-03 3.357659792527556419e-03
7.678274959325790405e-01 2.307619951898232102e-01 4.263293230906128883e-04 9.841795545071363449e-04
8.260786533355712891e-02 8.680735751986503601e-01 1.440029963850975037e-02 3.491825982928276062e-02
5.640511512756347656e-01 3.363333567976951599e-01 8.866251260042190552e-02 1.095297932624816895e-02
6.824755668640136719e-02 8.179749101400375366e-01 6.536872312426567078e-02 4.840881004929542542e-02
8.579946309328079224e-01 1.188616715371608734e-01 2.077783341519534588e-02 2.365864114835858345e-03
1.296529173851013184e-01 8.399422727525234222e-01 9.002091363072395325e-03 2.140271849930286407e-02
1.281903982162475586e-01 8.117000050842761993e-01 3.539471700787544250e-02 2.471487969160079956e-02
8.272761106491088867e-02 8.680278323590755463e-01 1.437948644161224365e-02 3.486507013440132141e-02
1.061850190162658691e-01 3.473417162895202637e-01 4.388445690274238586e-01 1.076286956667900085e-01
9.059119224548339844e-02 8.231511935591697693e-01 5.020096153020858765e-02 3.605665266513824463e-02
1.258269548416137695e-01 8.128478564321994781e-01 3.609128668904304504e-02 2.523390203714370728e-02
2.168247103691101074e-01 4.423494637012481689e-01 2.916179932653903961e-01 4.920783266425132751e-02
1.417951583862304688e-01 3.939996063709259033e-01 3.844039961695671082e-01 7.980123907327651978e-02
1.724613904953002930e-01 4.203505218029022217e-01 3.428575769066810608e-01 6.433051079511642456e-02
4.701827168464660645e-01 5.193319572135806084e-01 6.304132286459207535e-03 4.181193653494119644e-03
9.214603900909423828e-02 8.638552799820899963e-01 1.289778947830200195e-02 3.110089153051376343e-02
3.834309577941894531e-01 6.091133826412260532e-01 2.243950963020324707e-03 5.211708601564168930e-03
6.035810708999633789e-02 8.718494176864624023e-01 1.952052116394042969e-02 4.827195405960083008e-02
1.101860404014587402e-01 8.192335069179534912e-01 4.136871173977851868e-02 2.921174094080924988e-02
7.907289266586303711e-02 8.222168311476707458e-01 5.711838603019714355e-02 4.159189015626907349e-02
7.292026281356811523e-02 8.710195124149322510e-01 1.628641411662101746e-02 3.977381065487861633e-02
1.365065574645996094e-02 7.450735569000244141e-02 4.031654000282287598e-01 5.086765885353088379e-01
1.569910645484924316e-01 4.084060788154602051e-01 3.631592094898223877e-01 7.144364714622497559e-02
6.168965101242065430e-01 3.802108957897871733e-01 8.733870927244424820e-04 2.019206993281841278e-03
9.054987505078315735e-01 9.352080326061695814e-02 5.917223461437970400e-04 3.887238854076713324e-04
7.605648040771484375e-02 8.214180693030357361e-01 5.921994522213935852e-02 4.330550506711006165e-02
