6.269683241844177246e-01 1.980629563331604004e-02 8.156895637512207031e-05 3.531438112258911133e-01
6.950571537017822266e-01 1.841935515403747559e-02 6.603598594665527344e-04 2.858631312847137451e-01
7.459405362606048584e-01 6.920740008354187012e-03 7.948145270347595215e-03 2.391905784606933594e-01
6.326778531074523926e-01 1.967123150825500488e-02 8.094310760498046875e-05 3.475699722766876221e-01
6.990288197994232178e-01 1.827701926231384277e-02 6.550252437591552734e-04 2.820391356945037842e-01
7.000063955783843994e-01 1.824155449867248535e-02 6.537139415740966797e-04 2.810983359813690186e-01
6.945707201957702637e-01 1.843658089637756348e-02 6.610155105590820312e-04 2.863316833972930908e-01
6.994865238666534424e-01 1.826044917106628418e-02 6.543993949890136719e-04 2.815986275672912598e-01
6.293601393699645996e-01 1.975035667419433594e-02 8.133053779602050781e-05 3.508081734180450439e-01
7.457016110420227051e-01 6.925106048583984375e-03 7.953286170959472656e-03 2.394199967384338379e-01
7.461792826652526855e-01 6.916388869285583496e-03 7.943004369735717773e-03 2.389613240957260132e-01
7.487317025661468506e-01 6.869629025459289551e-03 7.887691259384155273e-03 2.365109771490097046e-01
6.879302859306335449e-01 1.866808533668518066e-02 6.697475910186767578e-04 2.927318811416625977e-01
6.353493332862854004e-01 1.960620284080505371e-02 8.064508438110351562e-05 3.449638187885284424e-01
6.990532279014587402e-01 1.827615499496459961e-02 6.549954414367675781e-04 2.820156216621398926e-01
6.875501275062561035e-01 1.868113875389099121e-02 6.701946258544921875e-04 2.930985391139984131e-01
6.328663229942321777e-01 1.966667175292968750e-02 8.094310760498046875e-05 3.473860621452331543e-01
6.948934197425842285e-01 1.842516660690307617e-02 6.605684757232666016e-04 2.860208451747894287e-01
6.308332383632659912e-01 1.971545815467834473e-02 8.115172386169433594e-05 3.493701517581939697e-01
6.988906562328338623e-01 1.828199625015258789e-02 6.552338600158691406e-04 2.821721136569976807e-01
6.984541118144989014e-01 1.829779148101806641e-02 6.558001041412353516e-04 2.825922966003417969e-01
6.997165083885192871e-01 1.825213432312011719e-02 6.540715694427490234e-04 2.813772857189178467e-01
6.418233215808868408e-01 1.944369077682495117e-02 7.992982864379882812e-05 3.386530578136444092e-01
7.481450736522674561e-01 6.880387663841247559e-03 7.900476455688476562e-03 2.370740622282028198e-01
7.495021522045135498e-01 6.855413317680358887e-03 7.870897650718688965e-03 2.357715368270874023e-01
7.433926761150360107e-01 6.966933608055114746e-03 8.002787828445434570e-03 2.416376024484634399e-01
7.512229233980178833e-01 6.823495030403137207e-03 7.833257317543029785e-03 2.341203242540359497e-01
6.327310502529144287e-01 1.966995000839233398e-02 8.094310760498046875e-05 3.475180566310882568e-01
7.033290565013885498e-01 1.811993122100830078e-02 6.491541862487792969e-04 2.779018580913543701e-01
6.986438930034637451e-01 1.829093694686889648e-02 6.555318832397460938e-04 2.824096381664276123e-01
6.985690891742706299e-01 1.829361915588378906e-02 6.556808948516845703e-04 2.824816107749938965e-01
7.431293427944183350e-01 6.971672177314758301e-03 8.008390665054321289e-03 2.418905943632125854e-01
6.392800211906433105e-01 1.950833201408386230e-02 8.025765419006347656e-05 3.411313891410827637e-01
6.980464756488800049e-01 1.831245422363281250e-02 6.563663482666015625e-04 2.829847037792205811e-01
6.295264363288879395e-01 1.974639296531677246e-02 8.130073547363281250e-05 3.506458699703216553e-01
6.266972124576568604e-01 1.981252431869506836e-02 8.159875869750976562e-05 3.534086644649505615e-01
6.324291527271270752e-01 1.967722177505493164e-02 8.097290992736816406e-05 3.478126525878906250e-01
6.337863206863403320e-01 1.964434981346130371e-02 8.085370063781738281e-05 3.464884757995605469e-01
6.922563612461090088e-01 1.851814985275268555e-02 6.640553474426269531e-04 2.885614335536956787e-01
7.487193346023559570e-01 6.869837641716003418e-03 7.887989282608032227e-03 2.365228384733200073e-01
7.489715218544006348e-01 6.865203380584716797e-03 7.882475852966308594e-03 2.362807989120483398e-01
7.012601196765899658e-01 1.819589734077453613e-02 6.519854068756103516e-04 2.798919975757598877e-01
6.973904967308044434e-01 1.833605766296386719e-02 6.572604179382324219e-04 2.836161851882934570e-01
7.473669350147247314e-01 6.894677877426147461e-03 7.917359471321105957e-03 2.378210276365280151e-01
6.361412405967712402e-01 1.958668231964111328e-02 8.055567741394042969e-05 3.441915214061737061e-01
7.443953752517700195e-01 6.948798894882202148e-03 7.981345057487487793e-03 2.406744807958602905e-01
7.436869740486145020e-01 6.961628794670104980e-03 7.996469736099243164e-03 2.413549274206161499e-01
6.962338387966156006e-01 1.837745308876037598e-02 6.587803363800048828e-04 2.847299277782440186e-01
6.312409937381744385e-01 1.970574259757995605e-02 8.112192153930664062e-05 3.489721417427062988e-01
6.918803155422210693e-01 1.853129267692565918e-02 6.645619869232177734e-04 2.889238297939300537e-01
6.312397122383117676e-01 1.970571279525756836e-02 8.112192153930664062e-05 3.489734530448913574e-01
6.348496675491333008e-01 1.961842179298400879e-02 8.073449134826660156e-05 3.454511761665344238e-01
6.324850320816040039e-01 1.967585086822509766e-02 8.097290992736816406e-05 3.477581441402435303e-01
6.959463953971862793e-01 1.838770508766174316e-02 6.591677665710449219e-04 2.850067317485809326e-01
7.480082809925079346e-01 6.882935762405395508e-03 7.903426885604858398e-03 2.372053563594818115e-01
7.479690015316009521e-01 6.883651018142700195e-03 7.904261350631713867e-03 2.372430860996246338e-01
6.938144266605377197e-01 1.846334338188171387e-02 6.620287895202636719e-04 2.870602011680603027e-01
6.928092241287231445e-01 1.849871873855590820e-02 6.633400917053222656e-04 2.880287170410156250e-01
7.011436223983764648e-01 1.820015907287597656e-02 6.521642208099365234e-04 2.800040543079376221e-01
7.001129388809204102e-01 1.823768019676208496e-02 6.535649299621582031e-04 2.809958159923553467e-01
6.344720125198364258e-01 1.962763071060180664e-02 8.076429367065429688e-05 3.458195924758911133e-01
6.328861713409423828e-01 1.966616511344909668e-02 8.094310760498046875e-05 3.473667204380035400e-01
6.185546517372131348e-01 1.999548077583312988e-02 8.237361907958984375e-05 3.613674938678741455e-01
7.461691498756408691e-01 6.916582584381103516e-03 7.943198084831237793e-03 2.389710694551467896e-01
6.318238377571105957e-01 1.969176530838012695e-02 8.103251457214355469e-05 3.484033644199371338e-01
6.940540075302124023e-01 1.845487952232360840e-02 6.617009639739990234e-04 2.868294119834899902e-01
6.322943568229675293e-01 1.968047022819519043e-02 8.097290992736816406e-05 3.479442000389099121e-01
6.977591514587402344e-01 1.832279562950134277e-02 6.567537784576416016e-04 2.832612991333007812e-01
7.473293542861938477e-01 6.895378232002258301e-03 7.918149232864379883e-03 2.378571182489395142e-01
6.993618309497833252e-01 1.826494932174682617e-02 6.545782089233398438e-04 2.817186415195465088e-01
6.876645684242248535e-01 1.867723464965820312e-02 6.700456142425537109e-04 2.929881513118743896e-01
6.993544101715087891e-01 1.826521754264831543e-02 6.546080112457275391e-04 2.817257642745971680e-01
7.465121746063232422e-01 6.910324096679687500e-03 7.935822010040283203e-03 2.386416792869567871e-01
7.464686036109924316e-01 6.911098957061767578e-03 7.936745882034301758e-03 2.386835515499114990e-01
6.923521459102630615e-01 1.851478219032287598e-02 6.639361381530761719e-04 2.884691357612609863e-01
7.485965788364410400e-01 6.872117519378662109e-03 7.890656590461730957e-03 2.366406470537185669e-01
7.023766040802001953e-01 1.815497875213623047e-02 6.504654884338378906e-04 2.788179516792297363e-01
6.237208545207977295e-01 1.988068222999572754e-02 8.186697959899902344e-05 3.563165962696075439e-01
7.495670318603515625e-01 6.854236125946044922e-03 7.869496941566467285e-03 2.357092350721359253e-01
6.940937936305999756e-01 1.845347881317138672e-02 6.616413593292236328e-04 2.867910861968994141e-01
7.456817626953125000e-01 6.925463676452636719e-03 7.953703403472900391e-03 2.394390702247619629e-01
6.403287053108215332e-01 1.948177814483642578e-02 8.013844490051269531e-05 3.401093780994415283e-01
7.502549737691879272e-01 6.841480731964111328e-03 7.854476571083068848e-03 2.350490689277648926e-01
6.332342922687530518e-01 1.965779066085815430e-02 8.088350296020507812e-05 3.470270335674285889e-01
6.337022781372070312e-01 1.964643597602844238e-02 8.085370063781738281e-05 3.465704321861267090e-01
7.525757104158401489e-01 6.798267364501953125e-03 7.803469896316528320e-03 2.328225523233413696e-01
6.378735005855560303e-01 1.954364776611328125e-02 8.037686347961425781e-05 3.425024747848510742e-01
7.363531887531280518e-01 7.092088460922241211e-03 8.151054382324218750e-03 2.484036684036254883e-01
6.928289532661437988e-01 1.849803328514099121e-02 6.633400917053222656e-04 2.880096733570098877e-01
6.988948583602905273e-01 1.828187704086303711e-02 6.552040576934814453e-04 2.821680605411529541e-01
6.973083615303039551e-01 1.833903789520263672e-02 6.573498249053955078e-04 2.836952507495880127e-01
7.493457198143005371e-01 6.858304142951965332e-03 7.874310016632080078e-03 2.359216660261154175e-01
7.501929700374603271e-01 6.842643022537231445e-03 7.855817675590515137e-03 2.351085692644119263e-01
6.929360628128051758e-01 1.849424839019775391e-02 6.631910800933837891e-04 2.879064977169036865e-01
6.352886259555816650e-01 1.960769295692443848e-02 8.064508438110351562e-05 3.450230360031127930e-01
7.420753538608551025e-01 6.990611553192138672e-03 8.030816912651062012e-03 2.429032176733016968e-01
6.936014890670776367e-01 1.847085356712341309e-02 6.622970104217529297e-04 2.872653603553771973e-01
6.967178583145141602e-01 1.836016774177551270e-02 6.581544876098632812e-04 2.842638194561004639e-01
7.459690868854522705e-01 6.920233368873596191e-03 7.947504520416259766e-03 2.391631752252578735e-01
6.311971545219421387e-01 1.970678567886352539e-02 8.109211921691894531e-05 3.490149676799774170e-01
7.472296059131622314e-01 6.897240877151489258e-03 7.920280098915100098e-03 2.379528731107711792e-01
6.995661556720733643e-01 1.825755834579467773e-02 6.543099880218505859e-04 2.815219759941101074e-01
6.297435164451599121e-01 1.974132657051086426e-02 8.127093315124511719e-05 3.504338860511779785e-01
6.997261941432952881e-01 1.825174689292907715e-02 6.540715694427490234e-04 2.813679873943328857e-01
6.296304464340209961e-01 1.974397897720336914e-02 8.127093315124511719e-05 3.505443036556243896e-01
7.429406046867370605e-01 6.975084543228149414e-03 8.012428879737854004e-03 2.420718818902969360e-01
6.983408033847808838e-01 1.830187439918518066e-02 6.559789180755615234e-04 2.827013432979583740e-01
7.459554672241210938e-01 6.920486688613891602e-03 7.947832345962524414e-03 2.391762137413024902e-01
7.466441094875335693e-01 6.907910108566284180e-03 7.932975888252258301e-03 2.385150045156478882e-01
6.972600817680358887e-01 1.834070682525634766e-02 6.574392318725585938e-04 2.837417721748352051e-01
6.929270625114440918e-01 1.849460601806640625e-02 6.631910800933837891e-04 2.879151403903961182e-01
7.488373219966888428e-01 6.867662072181701660e-03 7.885441184043884277e-03 2.364095747470855713e-01
6.975858807563781738e-01 1.832905411720275879e-02 6.569623947143554688e-04 2.834281027317047119e-01
7.507372796535491943e-01 6.832540035247802734e-03 7.843881845474243164e-03 2.345862984657287598e-01
6.945112645626068115e-01 1.843872666358947754e-02 6.611049175262451172e-04 2.863889038562774658e-01
6.949589252471923828e-01 1.842284202575683594e-02 6.605088710784912109e-04 2.859577238559722900e-01
6.343773305416107178e-01 1.962998509407043457e-02 8.073449134826660156e-05 3.459119498729705811e-01
6.295304298400878906e-01 1.974633336067199707e-02 8.127093315124511719e-05 3.506419658660888672e-01
6.319610178470611572e-01 1.968848705291748047e-02 8.103251457214355469e-05 3.482694625854492188e-01
6.320515573024749756e-01 1.968625187873840332e-02 8.103251457214355469e-05 3.481811583042144775e-01
6.198156177997589111e-01 1.996785402297973633e-02 8.228421211242675781e-05 3.601342439651489258e-01
7.547728121280670166e-01 6.757065653800964355e-03 7.754802703857421875e-03 2.307153195142745972e-01
7.497029006481170654e-01 6.851717829704284668e-03 7.866516709327697754e-03 2.355788648128509521e-01
7.468900978565216064e-01 6.903424859046936035e-03 7.927656173706054688e-03 2.382788211107254028e-01
7.516777962446212769e-01 6.815075874328613281e-03 7.823258638381958008e-03 2.336838692426681519e-01
7.482841610908508301e-01 6.877839565277099609e-03 7.897451519966125488e-03 2.369405478239059448e-01
7.489156126976013184e-01 6.866246461868286133e-03 7.883697748184204102e-03 2.363344430923461914e-01
7.494378089904785156e-01 6.856620311737060547e-03 7.872313261032104492e-03 2.358332574367523193e-01
7.001778781414031982e-01 1.823535561561584473e-02 6.534755229949951172e-04 2.809332907199859619e-01
6.315723359584808350e-01 1.969778537750244141e-02 8.109211921691894531e-05 3.486487865447998047e-01
6.323973834514617920e-01 1.967799663543701172e-02 8.100271224975585938e-05 3.478436172008514404e-01
6.356290280818939209e-01 1.959934830665588379e-02 8.064508438110351562e-05 3.446909785270690918e-01
7.495280206203460693e-01 6.854936480522155762e-03 7.870361208915710449e-03 2.357466816902160645e-01
6.964032053947448730e-01 1.837143301963806152e-02 6.585717201232910156e-04 2.845667898654937744e-01
6.228831112384796143e-01 1.989960670471191406e-02 8.192658424377441406e-05 3.571353554725646973e-01
6.255237162113189697e-01 1.983961462974548340e-02 8.168816566467285156e-05 3.545549809932708740e-01
7.492947280406951904e-01 6.859257817268371582e-03 7.875457406044006348e-03 2.359705567359924316e-01
6.900364160537719727e-01 1.859545707702636719e-02 6.670057773590087891e-04 2.907011210918426514e-01
6.339764595031738281e-01 1.963976025581359863e-02 8.082389831542968750e-05 3.463029563426971436e-01
7.481694519519805908e-01 6.879970431327819824e-03 7.899925112724304199e-03 2.370506525039672852e-01
7.012999653816223145e-01 1.819446682929992676e-02 6.519258022308349609e-04 2.798536419868469238e-01
6.959339678287506104e-01 1.838815212249755859e-02 6.591975688934326172e-04 2.850186824798583984e-01
6.313802897930145264e-01 1.970243453979492188e-02 8.106231689453125000e-05 3.488362133502960205e-01
7.517277747392654419e-01 6.814152002334594727e-03 7.822155952453613281e-03 2.336359173059463501e-01
6.216594576835632324e-01 1.992702484130859375e-02 8.207559585571289062e-05 3.583314418792724609e-01
7.466273307800292969e-01 6.908237934112548828e-03 7.933318614959716797e-03 2.385311126708984375e-01
7.514584362506866455e-01 6.819143891334533691e-03 7.828056812286376953e-03 2.338943630456924438e-01
7.484402060508728027e-01 6.875008344650268555e-03 7.894024252891540527e-03 2.367907613515853882e-01
6.973834931850433350e-01 1.833632588386535645e-02 6.572306156158447266e-04 2.836229503154754639e-01
6.338329017162322998e-01 1.964324712753295898e-02 8.082389831542968750e-05 3.464430272579193115e-01
6.966218948364257812e-01 1.836359500885009766e-02 6.582736968994140625e-04 2.843562364578247070e-01
6.324849128723144531e-01 1.967588067054748535e-02 8.094310760498046875e-05 3.477582633495330811e-01
6.241128742694854736e-01 1.987180113792419434e-02 8.186697959899902344e-05 3.559334576129913330e-01
7.031832933425903320e-01 1.812532544136047363e-02 6.493628025054931641e-04 2.780420184135437012e-01
6.995517313480377197e-01 1.825806498527526855e-02 6.543397903442382812e-04 2.815358638763427734e-01
7.478528022766113281e-01 6.885766983032226562e-03 7.906809449195861816e-03 2.373546212911605835e-01
6.344960629940032959e-01 1.962709426879882812e-02 8.073449134826660156e-05 3.457961082458496094e-01
7.493672966957092285e-01 6.857931613922119141e-03 7.873833179473876953e-03 2.359009385108947754e-01
6.956732869148254395e-01 1.839745044708251953e-02 6.595253944396972656e-04 2.852697372436523438e-01
7.526730448007583618e-01 6.796479225158691406e-03 7.801294326782226562e-03 2.327291816473007202e-01
6.355999708175659180e-01 1.960000395774841309e-02 8.064508438110351562e-05 3.447193801403045654e-01
7.471183240413665771e-01 6.899237632751464844e-03 7.922723889350891113e-03 2.380597144365310669e-01
6.990538537502288818e-01 1.827609539031982422e-02 6.549954414367675781e-04 2.820150554180145264e-01
6.305562257766723633e-01 1.972204446792602539e-02 8.118152618408203125e-05 3.496405482292175293e-01
6.316307485103607178e-01 1.969638466835021973e-02 8.106231689453125000e-05 3.485918045043945312e-01
6.334261596202850342e-01 1.965314149856567383e-02 8.082389831542968750e-05 3.468398749828338623e-01
7.509617656469345093e-01 6.828352808952331543e-03 7.838979363441467285e-03 2.343709021806716919e-01
7.489868402481079102e-01 6.864935159683227539e-03 7.882148027420043945e-03 2.362660765647888184e-01
7.502161115407943726e-01 6.842210888862609863e-03 7.855296134948730469e-03 2.350863814353942871e-01
7.517722398042678833e-01 6.813302636146545410e-03 7.821157574653625488e-03 2.335932999849319458e-01
6.984234452247619629e-01 1.829886436462402344e-02 6.558597087860107422e-04 2.826218307018280029e-01
7.002618610858917236e-01 1.823231577873229980e-02 6.533265113830566406e-04 2.808524966239929199e-01
6.953632831573486328e-01 1.840844750404357910e-02 6.599426269531250000e-04 2.855683267116546631e-01
6.280976235866546631e-01 1.977995038032531738e-02 8.144974708557128906e-05 3.520409762859344482e-01
6.259370148181915283e-01 1.983010768890380859e-02 8.165836334228515625e-05 3.541512191295623779e-01
7.494563758373260498e-01 6.856262683868408203e-03 7.871925830841064453e-03 2.358154356479644775e-01
6.941206455230712891e-01 1.845252513885498047e-02 6.615817546844482422e-04 2.867652475833892822e-01
7.495499551296234131e-01 6.854534149169921875e-03 7.869869470596313477e-03 2.357256412506103516e-01
6.356019377708435059e-01 1.959997415542602539e-02 8.064508438110351562e-05 3.447174429893493652e-01
6.927495896816253662e-01 1.850083470344543457e-02 6.634294986724853516e-04 2.880861461162567139e-01
6.286914050579071045e-01 1.976609230041503906e-02 8.139014244079589844e-05 3.514611124992370605e-01
7.479301393032073975e-01 6.884366273880004883e-03 7.905095815658569336e-03 2.372803986072540283e-01
6.936585307121276855e-01 1.846882700920104980e-02 6.622374057769775391e-04 2.872104048728942871e-01
6.974445283412933350e-01 1.833412051200866699e-02 6.571710109710693359e-04 2.835641801357269287e-01
7.482418119907379150e-01 6.878629326820373535e-03 7.898345589637756348e-03 2.369812130928039551e-01
7.465741634368896484e-01 6.909206509590148926e-03 7.934466004371643066e-03 2.385821640491485596e-01
7.464335262775421143e-01 6.911769509315490723e-03 7.937520742416381836e-03 2.387171834707260132e-01
6.982417702674865723e-01 1.830542087554931641e-02 6.560981273651123047e-04 2.827967107295989990e-01
6.312224864959716797e-01 1.970615983009338379e-02 8.109211921691894531e-05 3.489902615547180176e-01
6.280508041381835938e-01 1.978108286857604980e-02 8.144974708557128906e-05 3.520866632461547852e-01
6.268437802791595459e-01 1.980915665626525879e-02 8.153915405273437500e-05 3.532655239105224609e-01
6.924093365669250488e-01 1.851275563240051270e-02 6.638765335083007812e-04 2.884140312671661377e-01
6.883186399936676025e-01 1.865476369857788086e-02 6.692111492156982422e-04 2.923573851585388184e-01
6.333484947681427002e-01 1.965495944023132324e-02 8.091330528259277344e-05 3.469156324863433838e-01
7.447804510593414307e-01 6.941854953765869141e-03 7.973060011863708496e-03 2.403046339750289917e-01
7.493823766708374023e-01 6.857633590698242188e-03 7.873520255088806152e-03 2.358864694833755493e-01
6.319269835948944092e-01 1.968929171562194824e-02 8.106231689453125000e-05 3.483026623725891113e-01
6.988622546195983887e-01 1.828303933143615723e-02 6.552636623382568359e-04 2.821994423866271973e-01
6.947561502456665039e-01 1.843002438545227051e-02 6.607770919799804688e-04 2.861530482769012451e-01
