1.286754012107849121e-01 8.059085458517074585e-01 1.896962523460388184e-02 4.644642770290374756e-02
3.715636730194091797e-01 6.050696633756160736e-01 1.052166055887937546e-02 1.284500304609537125e-02
2.375584840774536133e-01 4.566351771354675293e-01 2.512169554829597473e-01 5.458938330411911011e-02
1.508905291557312012e-01 7.941390946507453918e-01 1.606664061546325684e-02 3.890373557806015015e-02
1.579975485801696777e-01 7.718996852636337280e-01 3.071754798293113708e-02 3.938521817326545715e-02
3.601578474044799805e-01 6.153268311172723770e-01 1.103174313902854919e-02 1.348357833921909332e-02
7.913404703140258789e-02 7.795186638832092285e-01 5.917681753635406494e-02 8.217047154903411865e-02
1.677627563476562500e-01 7.666629478335380554e-01 2.881171926856040955e-02 3.676257655024528503e-02
1.684585213661193848e-01 7.829947322607040405e-01 1.425728574395179749e-02 3.428946062922477722e-02
2.282602787017822266e-01 4.547736942768096924e-01 2.596273012459278107e-01 5.733872577548027039e-02
2.159097790718078613e-01 4.514454603195190430e-01 2.713166736066341400e-01 6.132808700203895569e-02
1.294022798538208008e-01 3.905012905597686768e-01 3.721255660057067871e-01 1.079708635807037354e-01
1.450733542442321777e-01 7.779774814844131470e-01 3.357756882905960083e-02 4.337159544229507446e-02
2.581778168678283691e-01 7.129784431308507919e-01 8.594026789069175720e-03 2.024971321225166321e-02
5.528820455074310303e-01 4.358073258772492409e-01 5.127376876771450043e-03 6.183251738548278809e-03
1.552573442459106445e-01 7.732754722237586975e-01 3.128958120942115784e-02 4.017760232090950012e-02
2.009511590003967285e-01 7.595693953335285187e-01 1.167221181094646454e-02 2.780723385512828827e-02
6.694799065589904785e-01 3.235846385359764099e-01 3.151597687974572182e-03 3.783857217058539391e-03
2.001613974571228027e-01 7.601719647645950317e-01 1.172593794763088226e-02 2.794069983065128326e-02
3.842049241065979004e-01 5.936246719211339951e-01 9.989721700549125671e-03 1.218068227171897888e-02
2.550467848777770996e-01 7.052740491926670074e-01 1.770163699984550476e-02 2.197752892971038818e-02
1.967867612838745117e-01 7.486257031559944153e-01 2.414168603718280792e-02 3.044584952294826508e-02
1.318978071212768555e-01 8.044034838676452637e-01 1.849572360515594482e-02 4.520298540592193604e-02
2.210817933082580566e-01 4.529632031917572021e-01 2.663476280868053436e-01 5.960737541317939758e-02
3.034994602203369141e-01 4.569640010595321655e-01 1.998863890767097473e-01 3.965014964342117310e-02
2.578658461570739746e-01 4.589700400829315186e-01 2.339356206357479095e-01 4.922849312424659729e-02
2.215425968170166016e-01 4.530895948410034180e-01 2.659101560711860657e-01 5.945765227079391479e-02
1.413578987121582031e-01 7.995639108121395111e-01 1.721407473087310791e-02 4.186411574482917786e-02
1.455414295196533203e-01 7.777766436338424683e-01 3.346641734242439270e-02 4.321550950407981873e-02
1.422912478446960449e-01 7.791379988193511963e-01 3.425120189785957336e-02 4.431955143809318542e-02
1.445217132568359375e-01 7.782120704650878906e-01 3.370939940214157104e-02 4.355681687593460083e-02
1.717357039451599121e-01 4.299598932266235352e-01 3.184638842940330505e-01 7.984051853418350220e-02
2.996789216995239258e-01 6.767349634319543839e-01 7.054170593619346619e-03 1.653194427490234375e-02
1.613022685050964355e-01 7.701838538050651550e-01 3.005013987421989441e-02 3.846373781561851501e-02
2.344645857810974121e-01 7.328875921666622162e-01 9.700667113065719604e-03 2.294715493917465210e-02
1.154408454895019531e-01 8.111677318811416626e-01 2.115310356020927429e-02 5.223831906914710999e-02
2.075495123863220215e-01 7.544821761548519135e-01 1.123787462711334229e-02 2.673043683171272278e-02
9.592617675662040710e-01 4.029944314970634878e-02 1.333990076091140509e-04 3.053902764804661274e-04
4.679203629493713379e-01 5.162485241889953613e-01 7.158645428717136383e-03 8.672467432916164398e-03
1.480429768562316895e-01 4.106545150279998779e-01 3.474823832511901855e-01 9.382012486457824707e-02
2.108488678932189941e-01 4.497792720794677734e-01 2.762848511338233948e-01 6.308700889348983765e-02
8.072251975536346436e-01 1.894079195335507393e-01 1.532967784442007542e-03 1.833915128372609615e-03
5.220957100391387939e-01 4.651210671290755272e-01 5.790213588625192642e-03 6.993009243160486221e-03
2.212409973144531250e-01 4.530070126056671143e-01 2.661964111030101776e-01 5.955557897686958313e-02
3.447353243827819824e-01 6.359955295920372009e-01 5.780886858701705933e-03 1.348825916647911072e-02
2.542591094970703125e-01 4.587178826332092285e-01 2.369007244706153870e-01 5.012228339910507202e-02
9.735077619552612305e-02 3.426640033721923828e-01 4.170201867818832397e-01 1.429650336503982544e-01
1.399291753768920898e-01 7.800774425268173218e-01 3.484096750617027283e-02 4.515241459012031555e-02
2.292156219482421875e-01 7.371927648782730103e-01 9.974254295229911804e-03 2.361735887825489044e-02
2.602704763412475586e-01 7.010780461132526398e-01 1.725338213145732880e-02 2.139809541404247284e-02
2.409757971763610840e-01 7.274923808872699738e-01 9.376671165227890015e-03 2.215515077114105225e-02
1.193594932556152344e-01 8.097800165414810181e-01 2.046330273151397705e-02 5.039718747138977051e-02
6.801482439041137695e-01 3.150142589583992958e-01 1.466168090701103210e-03 3.371329046785831451e-03
1.875273585319519043e-01 7.547232210636138916e-01 2.549234032630920410e-02 3.225708007812500000e-02
3.783619403839111328e-01 4.376268535852432251e-01 1.553013473749160767e-01 2.870985865592956543e-02
2.186461687088012695e-01 4.522712528705596924e-01 2.686742283403873444e-01 6.040835008025169373e-02
3.096485733985900879e-01 6.597773749381303787e-01 1.371100358664989471e-02 1.686304807662963867e-02
1.705633997917175293e-01 7.650728449225425720e-01 2.830035611987113953e-02 3.606339916586875916e-02
1.541877388954162598e-01 7.738004326820373535e-01 3.151762485504150391e-02 4.049420356750488281e-02
9.643021076917648315e-01 3.517448570346459746e-02 2.386808046139776707e-04 2.847258001565933228e-04
2.263265252113342285e-01 7.395445182919502258e-01 1.012984663248062134e-02 2.399910986423492432e-02
2.040094733238220215e-01 7.572230510413646698e-01 1.146769709885120392e-02 2.729977853596210480e-02
8.033043146133422852e-02 8.138516843318939209e-01 2.973170578479766846e-02 7.608617842197418213e-02
3.843564391136169434e-01 4.354169815778732300e-01 1.522168517112731934e-01 2.800972759723663330e-02
1.823887825012207031e-01 7.733260281383991241e-01 1.304683089256286621e-02 3.123835846781730652e-02
7.359561920166015625e-01 2.589941434562206268e-01 2.297035185620188713e-03 2.752629341557621956e-03
9.909541616216301918e-01 8.951489733590278774e-03 2.869038144126534462e-05 6.565826333826407790e-05
8.444166183471679688e-02 7.825758904218673706e-01 5.598881095647811890e-02 7.699363678693771362e-02
2.153875231742858887e-01 4.512819647789001465e-01 2.718244418501853943e-01 6.150607019662857056e-02
2.150875926017761230e-01 7.358235493302345276e-01 2.178011462092399597e-02 2.730874344706535339e-02
6.414866745471954346e-01 3.506693765521049500e-01 3.562653437256813049e-03 4.281295463442802429e-03
1.435275673866271973e-01 7.786293178796768188e-01 3.394910693168640137e-02 4.389400780200958252e-02
2.665703296661376953e-01 4.593093395233154297e-01 2.269556969404220581e-01 4.716463387012481689e-02
1.362092494964599609e-01 3.984283804893493652e-01 3.629546388983726501e-01 1.024077311158180237e-01
1.974033117294311523e-01 7.482098750770092010e-01 2.405576780438423157e-02 3.033104538917541504e-02
9.685650356113910675e-01 2.700006682425737381e-02 3.851341607514768839e-03 5.835559568367898464e-04
1.794111132621765137e-01 7.598194032907485962e-01 2.677739411592483521e-02 3.399208933115005493e-02
8.658605813980102539e-02 8.150915354490280151e-01 2.779184281826019287e-02 7.053056359291076660e-02
2.704511880874633789e-01 4.593425691127777100e-01 2.239216975867748260e-01 4.628454521298408508e-02
2.381322383880615234e-01 7.185690514743328094e-01 1.927599869668483734e-02 2.402271144092082977e-02
2.317571043968200684e-01 4.555360674858093262e-01 2.564260549843311310e-01 5.628077313303947449e-02
1.661166548728942871e-01 7.845541648566722870e-01 1.447865366935729980e-02 3.485052660107612610e-02
2.073653340339660645e-01 4.485243856906890869e-01 2.797667160630226135e-01 6.434356421232223511e-02
2.019287943840026855e-01 7.588215731084346771e-01 1.160622015595436096e-02 2.764341235160827637e-02
1.137881875038146973e-01 8.117051199078559875e-01 2.145614102482795715e-02 5.305055156350135803e-02
7.893127799034118652e-01 1.753451265394687653e-01 3.056283807381987572e-02 4.779255483299493790e-03
7.364869117736816406e-01 2.598282755352556705e-01 1.117707928642630577e-03 2.567104762420058250e-03
3.070638775825500488e-01 4.564476311206817627e-01 1.974733769893646240e-01 3.901511430740356445e-02
6.094182729721069336e-01 3.815968167036771774e-01 4.078303463757038116e-03 4.906606860458850861e-03
3.265061974525451660e-01 6.451415065675973892e-01 1.273070368915796280e-02 1.562159229069948196e-02
1.460143327713012695e-01 7.775722295045852661e-01 3.335470333695411682e-02 4.305873438715934753e-02
1.451134085655212402e-01 4.078021347522735596e-01 3.512542024254798889e-01 9.583025425672531128e-02
2.204968333244323730e-01 4.528006315231323242e-01 2.669042758643627167e-01 5.979825928807258606e-02
7.561504542827606201e-01 2.393083083443343639e-01 2.066332614049315453e-03 2.474904758855700493e-03
1.390962004661560059e-01 8.007741272449493408e-01 1.750658452510833740e-02 4.262308776378631592e-02
1.928578019142150879e-01 4.422896504402160645e-01 2.948301061987876892e-01 7.002244144678115845e-02
8.001190423965454102e-02 7.800891846418380737e-01 5.862783640623092651e-02 8.127107471227645874e-02
6.912873089313507080e-01 3.024350265040993690e-01 2.853716257959604263e-03 3.423948306590318680e-03
2.232650518417358398e-01 4.535495340824127197e-01 2.642822898924350739e-01 5.890312418341636658e-02
8.544039726257324219e-02 8.149376139044761658e-01 2.813005447387695312e-02 7.149193435907363892e-02
1.172499060630798340e-01 3.745449185371398926e-01 3.889137431979179382e-01 1.192914322018623352e-01
1.126243472099304199e-01 7.870945334434509277e-01 4.312831908464431763e-02 5.715280026197433472e-02
5.828706622123718262e-01 4.097862401977181435e-01 2.221667673438787460e-03 5.121429916471242905e-03
9.293695613741874695e-01 6.955651356838643551e-02 4.895785241387784481e-04 5.843465332873165607e-04
1.103848814964294434e-01 8.127157092094421387e-01 2.210438624024391174e-02 5.479502305388450623e-02
9.775296431034803391e-01 1.932520302943885326e-02 2.731771179242059588e-03 4.133826878387480974e-04
5.574271082878112793e-01 4.314662339165806770e-01 5.035480950027704239e-03 6.071176845580339432e-03
1.370052099227905273e-01 3.993110656738281250e-01 3.618946447968482971e-01 1.017890796065330505e-01
2.261731028556823730e-01 4.542818367481231689e-01 2.615604586899280548e-01 5.798460170626640320e-02
1.058773398399353027e-01 7.874085679650306702e-01 4.570739716291427612e-02 6.100669503211975098e-02
1.344614028930664062e-01 7.820787727832794189e-01 3.627333045005798340e-02 4.718649387359619141e-02
2.264160513877868652e-01 4.543406069278717041e-01 2.613345123827457428e-01 5.790882930159568787e-02
8.130115270614624023e-02 7.808790802955627441e-01 5.783754587173461914e-02 7.998222112655639648e-02
4.600720405578613281e-01 4.011955559253692627e-01 1.180553939193487167e-01 2.067700959742069244e-02
5.258365273475646973e-01 4.615681385621428490e-01 5.705706309527158737e-03 6.889627780765295029e-03
1.867431998252868652e-01 7.552262395620346069e-01 2.561217546463012695e-02 3.241838514804840088e-02
7.561117112636566162e-01 2.405652070883661509e-01 1.008240738883614540e-03 2.314840909093618393e-03
2.142617106437683105e-01 7.492161095142364502e-01 1.082127541303634644e-02 2.570090442895889282e-02
3.369305729866027832e-01 6.431326884776353836e-01 5.978311412036418915e-03 1.395842712372541428e-02
7.449969053268432617e-01 2.514774489682167768e-01 1.069548306986689568e-03 2.456097397953271866e-03
1.116011142730712891e-01 8.123698309063911438e-01 2.186889573931694031e-02 5.416015908122062683e-02
2.121537327766418457e-01 4.502264559268951416e-01 2.749937176704406738e-01 6.262609362602233887e-02
1.381021142005920410e-01 4.005127251148223877e-01 3.604383319616317749e-01 1.009468287229537964e-01
4.161663055419921875e-01 4.223702847957611084e-01 1.368456277996301651e-01 2.461778186261653900e-02
2.828672528266906738e-01 4.589868187904357910e-01 2.145246267318725586e-01 4.362130165100097656e-02
1.779855489730834961e-01 4.340449869632720947e-01 3.112541511654853821e-01 7.671531289815902710e-02
1.851009726524353027e-01 4.382388293743133545e-01 3.032691329717636108e-01 7.339106500148773193e-02
3.049213290214538574e-01 4.567636102437973022e-01 1.989199109375476837e-01 3.939514979720115662e-02
1.757045984268188477e-01 7.620608955621719360e-01 2.739900350570678711e-02 3.483550250530242920e-02
2.121508717536926270e-01 7.508815750479698181e-01 1.094967685639858246e-02 2.601787634193897247e-02
3.437851071357727051e-01 6.368660423904657364e-01 5.804468877613544464e-03 1.354438159614801407e-02
1.456945538520812988e-01 7.971581853926181793e-01 1.667564734816551208e-02 4.047161340713500977e-02
2.152228951454162598e-01 4.512300193309783936e-01 2.719847634434700012e-01 6.156232208013534546e-02
1.894401311874389648e-01 7.534871771931648254e-01 2.520371600985527039e-02 3.186897560954093933e-02
1.321033835411071777e-01 8.043048530817031860e-01 1.846615970134735107e-02 4.512560367584228516e-02
1.360295414924621582e-01 8.023632131516933441e-01 1.791678369045257568e-02 4.369046166539192200e-02
4.291779398918151855e-01 4.164488464593887329e-01 1.310039274394512177e-01 2.336928620934486389e-02
1.747142672538757324e-01 7.626500949263572693e-01 2.756899222731590271e-02 3.506664559245109558e-02
5.212261676788330078e-01 4.693683357909321785e-01 2.841524314135313034e-03 6.563972216099500656e-03
2.965399026870727539e-01 4.578347057104110718e-01 2.046938799321651459e-01 4.093151167035102844e-02
1.990656852722167969e-01 7.470829114317893982e-01 2.382646687328815460e-02 3.002493642270565033e-02
8.644783496856689453e-02 7.835020124912261963e-01 5.486129969358444214e-02 7.518885284662246704e-02
1.495043635368347168e-01 7.949583530426025391e-01 1.622544229030609131e-02 3.931184113025665283e-02
6.855641901493072510e-01 2.552115209400653839e-01 5.104026570916175842e-02 8.184023201465606689e-03
1.042601466178894043e-01 8.141766339540481567e-01 2.336046844720840454e-02 5.820275098085403442e-02
2.159593701362609863e-01 4.514609277248382568e-01 2.712684981524944305e-01 6.131120398640632629e-02
3.483325242996215820e-01 4.473514258861541748e-01 1.717543452978134155e-01 3.256170451641082764e-02
2.769247889518737793e-01 4.592427909374237061e-01 2.189644128084182739e-01 4.486800730228424072e-02
2.784054279327392578e-01 6.862262710928916931e-01 1.581762917339801788e-02 1.955067180097103119e-02
9.390664398670196533e-01 6.026328884763643146e-02 2.037406375166028738e-04 4.665306478273123503e-04
9.219050407409667969e-02 7.855428382754325867e-01 5.184365808963775635e-02 7.042299956083297729e-02
1.712594628334045410e-01 7.811031490564346313e-01 1.399965584278106689e-02 3.363773226737976074e-02
5.216439366340637207e-01 4.689661525189876556e-01 2.836846280843019485e-03 6.553064566105604172e-03
1.125506162643432617e-01 7.871016710996627808e-01 4.315515607595443726e-02 5.719255656003952026e-02
8.267202973365783691e-01 1.703234575688838959e-01 1.346303266473114491e-03 1.609941828064620495e-03
1.371452212333679199e-01 3.994653522968292236e-01 3.617085143923759460e-01 1.016809120774269104e-01
1.254571676254272461e-01 8.073303624987602234e-01 1.946395263075828552e-02 4.774851724505424500e-02
1.782340407371520996e-01 4.341994225978851318e-01 3.109713420271873474e-01 7.659519463777542114e-02
1.958552598953247070e-01 7.492517195641994476e-01 2.427242696285247803e-02 3.062059357762336731e-02
2.802975177764892578e-01 4.591163992881774902e-01 2.164317518472671509e-01 4.415433108806610107e-02
1.845986843109130859e-01 7.717362307012081146e-01 1.287003234028816223e-02 3.079505264759063721e-02
4.934872984886169434e-01 3.830303549766540527e-01 1.053514312952756882e-01 1.813091523945331573e-02
4.321977496147155762e-01 5.495567973703145981e-01 8.239281363785266876e-03 1.000617165118455887e-02
1.300228238105773926e-01 8.052887916564941406e-01 1.876899227499961853e-02 4.591939225792884827e-02
2.038650512695312500e-01 7.573343031108379364e-01 1.147722266614437103e-02 2.732342295348644257e-02
1.273880600929260254e-01 8.064873814582824707e-01 1.916476339101791382e-02 4.695979505777359009e-02
3.338546752929687500e-01 4.511560052633285522e-01 1.803358644247055054e-01 3.465345501899719238e-02
3.428392410278320312e-01 4.488674551248550415e-01 1.749576777219772339e-01 3.333562612533569336e-02
2.350434064865112305e-01 4.561836421489715576e-01 2.534598074853420258e-01 5.531314387917518616e-02
2.142639160156250000e-01 4.509236216545104980e-01 2.729207538068294525e-01 6.189170852303504944e-02
3.051499128341674805e-01 6.636435091495513916e-01 1.398962177336215973e-02 1.721695624291896820e-02
3.860638737678527832e-01 5.919352695345878601e-01 9.914268739521503448e-03 1.208658795803785324e-02
2.852472066879272461e-01 6.805198676884174347e-01 1.531981676816940308e-02 1.891310885548591614e-02
1.990773081779479980e-01 7.609967477619647980e-01 1.180035434663295746e-02 2.812558971345424652e-02
1.754106283187866211e-01 7.782492712140083313e-01 1.363150030374526978e-02 3.270860016345977783e-02
2.279480695724487305e-01 4.547019302845001221e-01 2.599153704941272736e-01 5.743462964892387390e-02
1.585149168968200684e-01 7.716350778937339783e-01 3.061146289110183716e-02 3.923854231834411621e-02
2.167071104049682617e-01 4.516915082931518555e-01 2.705435305833816528e-01 6.105785071849822998e-02
1.836979389190673828e-01 7.723859138786792755e-01 1.294163428246974945e-02 3.097451291978359222e-02
1.386395096778869629e-01 7.805718183517456055e-01 3.517018631100654602e-02 4.561848565936088562e-02
2.030646204948425293e-01 7.579501271247863770e-01 1.153027079999446869e-02 2.745498158037662506e-02
2.960216999053955078e-01 4.578921049833297729e-01 2.050570100545883179e-01 4.102918505668640137e-02
6.007813215255737305e-01 3.899061363190412521e-01 4.226257093250751495e-03 5.086285062134265900e-03
1.436682939529418945e-01 7.785707488656044006e-01 3.391498699784278870e-02 4.384597018361091614e-02
2.375491857528686523e-01 4.566335976123809814e-01 2.512251734733581543e-01 5.459204316139221191e-02
8.304589092731475830e-01 1.422836799174547195e-01 2.359795547090470791e-02 3.659455338492989540e-03
2.366667389869689941e-01 4.564794003963470459e-01 2.520094849169254303e-01 5.484437569975852966e-02
9.497755765914916992e-02 7.862384244799613953e-01 5.048184096813201904e-02 6.830217689275741577e-02
1.440737247467041016e-01 7.980700284242630005e-01 1.687353849411010742e-02 4.098270833492279053e-02
9.944355925545096397e-01 5.506571382284164429e-03 1.758779399096965790e-05 4.024826921522617340e-05
1.015396714210510254e-01 8.146619349718093872e-01 2.395891770720481873e-02 5.983947589993476868e-02
3.324767947196960449e-01 6.399060171097517014e-01 1.240579783916473389e-02 1.521139033138751984e-02
1.340447664260864258e-01 7.822207733988761902e-01 3.638652712106704712e-02 4.734793305397033691e-02
1.055181622505187988e-01 8.139167502522468567e-01 2.309247478842735291e-02 5.747261270880699158e-02
6.799419224262237549e-01 2.593708857893943787e-01 5.228976160287857056e-02 8.397430181503295898e-03
1.633149385452270508e-01 4.238222241401672363e-01 3.284714818000793457e-01 8.439135551452636719e-02
2.121041417121887207e-01 7.509183548390865326e-01 1.095254719257354736e-02 2.602495625615119934e-02
2.984374761581420898e-01 6.693783141672611237e-01 1.441985182464122772e-02 1.776435784995555878e-02
1.473384499549865723e-01 7.769913747906684875e-01 3.304524347186088562e-02 4.262493178248405457e-02
