1.305689935500451704e-01 6.766290077665325642e-01 9.187585211215074099e-02 1.009261465712716077e-01
2.806942360642690204e-01 4.263125858407502689e-01 1.557005580282656287e-01 1.372926200667150543e-01
3.369889541278308087e-01 2.701099178363743913e-01 2.297883929001386383e-01 1.631127351356561062e-01
3.352352060402084555e-01 3.160108472825373660e-01 2.168244710386125207e-01 1.319294756386416301e-01
2.070104940872591892e-01 5.088593318524716747e-01 1.428665351368738901e-01 1.412636389233951351e-01
2.405328755813666008e-01 4.612455437751561971e-01 1.352618206052874361e-01 1.629597600381897937e-01
1.922317654312593327e-01 5.203448143042243013e-01 1.587481581087788196e-01 1.286752621557374909e-01
1.871071663776481264e-01 5.338681164878196217e-01 1.501604769986160937e-01 1.288642401359162137e-01
2.594596871058102994e-01 4.781296149089850900e-01 1.274440411128032191e-01 1.349666568724013083e-01
2.369719012859083651e-01 2.584979819697088010e-01 3.532505328859318894e-01 1.512795838584509445e-01
2.791654640185571856e-01 2.844430943171564197e-01 2.735451282827827679e-01 1.628463133815035990e-01
2.714941211219435990e-01 3.150524794265703865e-01 2.184761202057648455e-01 1.949772792457211690e-01
4.524110310611422214e-01 2.425504494981487735e-01 1.112067631903435327e-01 1.938317562503655278e-01
2.598475095714470884e-01 4.913212378079902520e-01 1.194926898512808922e-01 1.293385627692819340e-01
2.360000190033513523e-01 4.877901752733262430e-01 1.367818525603911872e-01 1.394279531629311342e-01
1.653054832178761924e-01 5.806239831865597223e-01 1.335484334784524385e-01 1.205221001171114803e-01
2.630836969056781771e-01 4.520285400772123818e-01 1.488742728969948415e-01 1.360134901201145718e-01
3.166991958993923273e-01 4.443077101770215309e-01 1.059696586359606396e-01 1.330234352876253912e-01
2.230500655125545462e-01 5.320638856240287318e-01 1.200590432511847994e-01 1.248270056122319921e-01
2.928959675155908826e-01 4.219150992995461813e-01 1.320552025002380281e-01 1.531337306846247970e-01
2.292582835304769195e-01 4.961794093948951323e-01 1.350839691495139272e-01 1.394783379251140765e-01
1.520613266058481461e-01 6.233025833588294873e-01 1.098269657315378012e-01 1.148091243037845238e-01
1.700162962896097363e-01 5.480251365512006645e-01 1.401016851690477238e-01 1.418568819901419031e-01
2.807384689537366640e-01 3.024953216491238495e-01 2.536688803623476929e-01 1.630973290347917382e-01
3.090526667328848398e-01 2.762951072563264443e-01 2.448803590580338474e-01 1.697718669527548685e-01
3.579601291920267991e-01 2.681659701012787944e-01 2.231188329511493706e-01 1.507550677555450636e-01
2.973095180870837795e-01 3.153259139157001401e-01 2.116435605834439682e-01 1.757210074137720568e-01
3.538086047483503527e-01 4.139377312408872300e-01 1.121310749486542357e-01 1.201225890621080150e-01
2.797199553949100137e-01 4.417951208167488208e-01 1.384802288684434113e-01 1.400046949198975876e-01
1.965097296183165865e-01 5.046085817595337142e-01 1.597740332087146109e-01 1.391076554134350052e-01
1.955039853760336677e-01 5.367819883363095235e-01 1.242801054342907718e-01 1.434339208533660093e-01
1.831803203077824183e-01 3.253961746702865310e-01 3.202801709784229289e-01 1.711433340435082329e-01
2.823203715630340227e-01 5.134222336843888845e-01 9.558436487887846111e-02 1.086730298736986594e-01
2.719309292977469261e-01 4.534213751570015383e-01 1.365601912302477350e-01 1.380875043150036618e-01
3.182133323705238492e-01 4.507061135096573357e-01 1.174544410585671717e-01 1.136261130612516018e-01
7.131181768058217352e-02 6.848584318172078467e-01 1.033352100171709004e-01 1.404945404850391766e-01
1.816403889959412599e-01 5.676957171908892930e-01 1.259833363597825384e-01 1.246805574533868810e-01
3.276175998377726106e-01 4.384097734617362629e-01 1.132183345914145045e-01 1.207542921090767885e-01
2.910733130006641356e-01 3.822219304816528718e-01 1.717546302198518227e-01 1.549501262978311422e-01
2.227213670939860446e-01 3.837857859556978446e-01 2.312504592156361949e-01 1.622423877346798604e-01
2.107070051129736055e-01 5.154297696344330992e-01 1.479012399965230484e-01 1.259619852560702469e-01
2.315380662644166421e-01 4.885362278391489621e-01 1.437894847536090870e-01 1.361362211428251701e-01
2.452695434773206895e-01 4.459539203381868155e-01 1.645803655934878762e-01 1.441961705910045632e-01
2.402164585876192526e-01 3.479837980957563026e-01 2.462643182079531090e-01 1.655354251086712802e-01
4.298696602948774981e-01 2.879870162907702258e-01 1.115762196701014508e-01 1.705671037442507421e-01
2.286603465245373723e-01 3.487395872752363513e-01 2.364228079620313006e-01 1.861772582381950591e-01
1.962340079410640481e-01 2.810379823254889886e-01 3.201245648067530536e-01 2.026034449266940485e-01
1.887840733709431063e-01 5.400504071116702942e-01 1.353918119263381181e-01 1.357737075910484537e-01
2.758599722461978487e-01 4.118046713052641583e-01 1.837178282161082421e-01 1.286175282324297231e-01
2.320101937595911434e-01 4.441315002516353361e-01 1.582467254639967069e-01 1.656115805247769246e-01
2.699682880448797673e-01 4.211329797299569466e-01 1.389931775154372717e-01 1.699055547097260699e-01
1.404316520849156480e-01 6.119927908641077385e-01 1.279742622269660901e-01 1.196012948240104679e-01
4.048139763550664960e-01 3.429413843089787473e-01 1.124109293793766756e-01 1.398337099565779007e-01
1.133608653146670475e-01 6.706208646084734770e-01 1.091278009597696913e-01 1.068904691170897425e-01
2.563558065015509313e-01 2.338472925549164583e-01 3.098922817530664342e-01 1.999046191904660652e-01
2.577224637907651883e-01 3.137235892225206935e-01 2.249953934045009762e-01 2.035585535822132253e-01
3.356699522455522944e-01 3.325130818039260250e-01 1.422619471390095813e-01 1.895550188115121548e-01
3.078879255239593271e-01 4.104112057087261900e-01 1.322224682276750829e-01 1.494784005396394833e-01
2.219393946860129530e-01 5.115027920037175102e-01 1.308111715697566346e-01 1.357466417405129022e-01
3.788685115960778726e-01 3.242817651100651233e-01 1.366291954893562588e-01 1.602205278045006620e-01
1.822592214539628386e-01 5.744032252079001033e-01 1.000184982960982960e-01 1.433190550420386788e-01
1.881489490120464569e-01 5.641927212192769936e-01 1.305507496316311855e-01 1.171075801370452668e-01
1.777160801834247739e-01 5.460038983680954860e-01 1.406204249907963277e-01 1.356595964576835234e-01
2.560849798577749525e-01 3.772180659133986813e-01 2.120597700804623675e-01 1.546371841483640541e-01
1.598401458332995018e-01 6.154272734469300454e-01 1.110747399844529276e-01 1.136578407353176223e-01
3.509456499052671097e-01 3.515402132243615752e-01 1.548607366464536117e-01 1.426534002239178145e-01
3.923204005272248329e-01 3.770291904633191749e-01 1.074031569800997094e-01 1.232472520293564910e-01
2.611314152516113762e-01 4.199246480768109024e-01 1.945239051719295231e-01 1.244200314996484202e-01
2.289490846145924297e-01 3.551257282044141261e-01 2.468558973476726592e-01 1.690692898333207295e-01
1.830809979933551157e-01 5.722706024481255538e-01 9.696318125313702074e-02 1.476852183053822820e-01
3.915736813680948947e-01 3.026084187796654335e-01 1.828936191426620284e-01 1.229242807095776852e-01
2.550829521841209702e-01 4.627410945943570275e-01 1.386001383033861056e-01 1.435758149181358689e-01
3.633445488689615588e-01 2.602203005821600024e-01 1.878126632183475808e-01 1.886224873305307748e-01
2.317232611512862750e-01 3.623266525317650477e-01 2.497619716083599173e-01 1.561881147085888433e-01
2.367752308190607669e-01 4.360514986513914781e-01 1.431682866502928531e-01 1.840049838792548742e-01
3.298187772564174502e-01 3.316822397618131024e-01 1.927351515969432383e-01 1.457638313848261535e-01
2.746667456405652019e-01 3.868448023935345814e-01 1.581201560875607759e-01 1.803682958783393298e-01
2.413998829434311766e-01 4.584245302871454708e-01 1.753548400220203696e-01 1.248207467474029553e-01
2.988131160140722886e-01 3.042698189765235539e-01 2.288357988942493482e-01 1.680812661151547815e-01
1.420550937950933179e-01 6.151483967256906604e-01 1.265451707024192740e-01 1.162513387767967893e-01
4.074553845995901313e-01 2.281865583523739194e-01 2.174465414361348159e-01 1.469115156119011056e-01
1.721710145960108629e-01 5.167586519921942845e-01 1.825000163510978324e-01 1.285703170606970758e-01
2.663410000737994610e-01 3.129364092134538922e-01 2.512469405552255619e-01 1.694756501575211127e-01
2.009023291192146010e-01 4.767315127265034924e-01 1.823616828147984759e-01 1.400044753394835140e-01
1.085361235099020077e-01 6.769142463220850781e-01 1.072516920131974805e-01 1.072979381548155586e-01
4.571405078784436249e-01 1.574585302088779559e-01 2.399001629216114262e-01 1.455007989910671040e-01
4.227181693579460386e-01 3.424210104816967082e-01 1.179445569798143745e-01 1.169162631805430036e-01
3.275255216164646432e-01 2.217956285473227929e-01 3.009468149580953877e-01 1.497320348781173149e-01
3.615521706204523622e-01 2.674289393612598875e-01 1.626929315554231925e-01 2.083259584628645300e-01
3.771801456778697270e-01 2.973471436392260414e-01 1.804636492523366553e-01 1.450090614305673820e-01
2.728723857060421643e-01 4.405858104763041294e-01 1.418536640832091800e-01 1.446881397344446374e-01
2.488142896159729334e-01 3.395881643231302149e-01 2.399619658048082749e-01 1.716355802560886601e-01
2.715290172808811908e-01 2.979341146261755280e-01 2.561275651542850307e-01 1.744093029386582505e-01
1.995436484212272377e-01 5.291501947558058250e-01 1.457145634848036886e-01 1.255915933381633598e-01
3.284423942354414705e-01 3.949696645185825639e-01 1.358694185571318325e-01 1.407185226888441887e-01
2.298795422393203614e-01 3.704814532686292461e-01 2.419400858264370291e-01 1.576989186656133357e-01
1.507023874658718621e-01 5.486624982542818163e-01 1.739531319605635562e-01 1.266819823192828209e-01
3.255604196976487619e-01 3.960908458892350437e-01 1.354957042470226469e-01 1.428530301660936586e-01
2.724640730333494076e-01 3.069573431173984179e-01 2.504143345475818294e-01 1.701642493016704283e-01
1.739330171705538164e-01 5.028343916527676649e-01 1.636266424826793853e-01 1.596059486939990224e-01
2.221631234655369880e-01 2.978281725556810033e-01 2.511090676616533068e-01 2.288996363171286463e-01
2.460413322159209215e-01 4.163572271709177208e-01 1.677223435816164732e-01 1.698790970315449123e-01
3.454176614765904207e-01 3.879433264665068659e-01 1.285891757128964641e-01 1.380498363440062770e-01
3.915370632845541765e-01 3.465346450611446749e-01 1.418492229379239022e-01 1.200790687163772741e-01
1.575489890005290772e-01 5.432894522669811099e-01 1.424767339310089587e-01 1.566848248014807987e-01
4.348069049583335732e-01 2.194918049140940075e-01 2.045348074101710212e-01 1.411664827174014536e-01
3.479673227565941440e-01 3.585347406057586839e-01 1.324656990648190591e-01 1.610322375728280853e-01
3.203538310421513158e-01 2.692585881418387839e-01 2.444302034669277313e-01 1.659573773490821968e-01
4.162597225861300876e-01 1.973825927242610634e-01 2.272611251085837614e-01 1.590965595810251432e-01
2.701669494074878108e-01 3.933517868655833083e-01 1.376208046726125622e-01 1.988604590543162909e-01
2.523941798167043116e-01 4.462602099695943125e-01 1.243723270930783553e-01 1.769732831206231038e-01
2.934465201435400017e-01 2.857001329108584953e-01 2.527877569612491104e-01 1.680655899843523371e-01
1.598961873340078443e-01 5.883200139366957515e-01 1.334448763232256863e-01 1.183389224060707456e-01
3.006036324376215041e-01 2.848147878324017723e-01 2.469915937248082782e-01 1.675899860051684731e-01
2.171080355301896747e-01 5.241884336682185452e-01 1.207166637991657354e-01 1.379868670024260169e-01
2.471511152019411905e-01 4.488597544977712683e-01 1.570146103081521138e-01 1.469745199921354273e-01
3.827491656977868861e-01 3.585052271916207012e-01 1.227412715345998079e-01 1.360043355759926187e-01
2.337128141012698723e-01 4.526441350948565701e-01 1.262027284829040086e-01 1.874403223209695490e-01
3.724765123349150220e-01 3.843102749821230568e-01 1.225904232903204938e-01 1.206227893926413997e-01
5.347132797864182496e-01 2.132770312821185565e-01 1.358574810990419435e-01 1.161522078324212226e-01
3.064102194003947566e-01 4.470727064859397193e-01 1.246998133822609101e-01 1.218172607314045447e-01
2.885672656532837776e-01 2.356349266368194806e-01 3.049765173082044645e-01 1.708212904016923606e-01
2.661557192569689034e-01 2.187628908672688832e-01 3.533848987659382601e-01 1.616964911098238700e-01
3.404636964132174981e-01 3.545659066969566453e-01 1.660960237488562641e-01 1.388743731409695648e-01
2.617032854578829615e-01 3.314891767800249300e-01 2.295845422663572721e-01 1.772229954957347531e-01
2.682038208787910216e-01 2.841329979744270373e-01 2.786707637864690446e-01 1.689924173603130075e-01
2.990825827042835616e-01 2.741711740783193130e-01 2.593742818817835749e-01 1.673719613356133840e-01
3.991574404427816192e-01 2.093452008872603576e-01 2.347862078316436951e-01 1.567111508383143281e-01
3.158472637786672865e-01 4.289827003356669333e-01 1.199555095467595006e-01 1.352145263389063212e-01
2.492557301099207756e-01 5.000876356084539287e-01 1.124216956829229702e-01 1.382349385987023949e-01
3.330577562617326737e-01 4.378821089615114182e-01 9.091419348330771755e-02 1.381459412934482323e-01
2.144570550211438165e-01 5.531155354603485286e-01 1.112015582877355635e-01 1.212258512307721192e-01
2.622240649683653668e-01 3.045000140087637530e-01 2.367216651041016973e-01 1.965542559187691551e-01
1.591578585199961982e-01 5.924696997000434839e-01 1.294620207951459323e-01 1.189104209848144689e-01
1.366519364465758613e-01 5.989821274434821152e-01 1.274424700342693673e-01 1.369234660756727118e-01
2.448022969361442758e-01 4.030275232543370501e-01 1.910336338313464721e-01 1.611365459781722298e-01
4.103736717559030578e-01 2.011827733789502415e-01 2.310338602759614279e-01 1.574096945891852450e-01
2.162059982442838257e-01 4.732160056714196927e-01 1.464764821196845868e-01 1.641015139646120335e-01
3.605063207657310809e-01 3.620096387695619922e-01 1.484098112771004563e-01 1.290742291876064152e-01
4.173799353615101904e-01 2.091026983739172340e-01 1.850921170971022989e-01 1.884252491674703600e-01
1.914270413326648879e-01 5.749765658711099015e-01 1.173277777494459023e-01 1.162686150467792529e-01
9.681572058994286634e-02 5.534542453551760666e-01 1.997806134518677890e-01 1.499494206030132226e-01
2.247360630031787765e-01 4.778172720031914067e-01 1.681763922006976886e-01 1.292702727929321838e-01
3.175294557826770503e-01 2.576586965291868814e-01 2.588004213690574540e-01 1.660114263190785866e-01
1.966588909798187290e-01 4.803318962111244317e-01 1.697003638220745680e-01 1.533088489869823545e-01
2.718288766000119816e-01 2.974247182262404476e-01 2.549098662184868247e-01 1.758365389552608016e-01
3.336861376406730084e-01 2.698711410897376428e-01 2.302064659261603974e-01 1.662362553434289236e-01
3.272466357934336600e-01 2.324399225690519377e-01 2.807641507143492365e-01 1.595492909231650824e-01
2.656822195702798206e-01 4.443765280187778610e-01 1.346085292473080675e-01 1.553327231636342787e-01
4.433832985337819443e-01 3.087883500348204135e-01 1.176826176604274660e-01 1.301457337709702733e-01
1.921096197666054273e-01 4.379833864907345942e-01 2.203322142264892425e-01 1.495747795161706528e-01
2.517911330244580470e-01 4.153757036103641331e-01 1.664953721449207447e-01 1.663377912202572695e-01
6.043905419461033102e-01 1.753728590505411189e-01 1.183960811299423072e-01 1.018405178734132915e-01
1.578540110900067128e-01 6.045617579068257585e-01 1.120558836549493259e-01 1.255283473482182166e-01
3.840788466705733484e-01 3.387257609189585073e-01 1.391588217737123601e-01 1.380365706367558953e-01
2.335288413960726617e-01 3.040943445709566872e-01 2.598982011725452512e-01 2.024786128604254554e-01
1.962077120832284305e-01 5.629194534369000857e-01 1.189955694952392062e-01 1.218772649846324163e-01
2.373814415202610273e-01 3.264801819433221786e-01 2.578336645454540887e-01 1.783047119909626499e-01
2.504919195839441226e-01 4.422651260294370168e-01 1.598543636083724906e-01 1.473885907782463700e-01
2.562031578979215296e-01 3.689714749674021799e-01 2.150887587921921362e-01 1.597366083424842653e-01
2.249198178484692612e-01 5.012036024321205874e-01 1.427569993220577926e-01 1.311195803973524698e-01
3.568019279879287020e-01 2.436779342298940332e-01 2.315804668032776514e-01 1.679396709788996134e-01
3.699951385467907805e-01 3.763310612434572766e-01 1.253166497409056723e-01 1.283571504688462706e-01
1.616504236054353283e-01 6.044518533730555143e-01 1.185264432260749734e-01 1.153712797954342256e-01
2.760764288952625711e-01 3.718969523471700178e-01 1.681404954777350191e-01 1.838861232798324197e-01
1.755304751647527861e-01 5.507303067963482679e-01 1.523958675844825084e-01 1.213433504544164238e-01
2.921798588424716625e-01 3.330420934817904799e-01 2.144309528154957900e-01 1.603470948602421231e-01
4.967140922950413207e-01 1.570517150053855615e-01 1.589217351768394682e-01 1.873124575227335664e-01
2.974707156518933693e-01 2.949912126951481639e-01 2.383369372996465563e-01 1.692011343533118273e-01
2.735973486994920378e-01 3.411320832497833910e-01 2.210483033685465004e-01 1.642222646821781817e-01
3.028523012238018564e-01 3.954620787231356016e-01 1.408327404099468938e-01 1.608528796431156760e-01
1.844976686776520491e-01 6.206993637419028209e-01 9.416241370027862712e-02 1.006405538801664334e-01
3.614689744596654708e-01 3.600505914821917619e-01 1.191789917991761122e-01 1.593014422589666967e-01
2.363713373244872573e-01 5.112953927418112388e-01 1.225992840871494294e-01 1.297339858465520190e-01
2.128285885100378305e-01 5.034302757855747545e-01 1.115282675891829667e-01 1.722128681152043927e-01
2.989887293971322801e-01 2.958278860422213219e-01 2.350150595972296808e-01 1.701683249634167727e-01
2.322741139105043706e-01 3.958050602112335170e-01 2.109150804162370219e-01 1.610057454620251183e-01
2.699000019545714779e-01 2.957393180481581729e-01 2.620663776999158645e-01 1.722943022973545124e-01
2.879383410807528354e-01 4.350737844617944550e-01 1.511169817627611434e-01 1.258708926946916773e-01
3.137427888034892698e-01 2.868163556989190011e-01 1.975636707143381687e-01 2.018771847832536159e-01
2.208156781140896141e-01 4.263844125646633620e-01 2.024457849172047186e-01 1.503541244040423330e-01
3.406579150536229172e-01 1.834268720379184370e-01 2.958680022137462617e-01 1.800472106947124673e-01
3.398145488248965340e-01 3.634150719475482405e-01 1.520357722638855380e-01 1.447346069636696042e-01
1.677295266518560035e-01 5.216720313774955153e-01 1.705238501062861234e-01 1.400745918643624133e-01
3.021020358411475870e-01 2.538977923099339229e-01 2.850063858942348261e-01 1.589937859546835253e-01
3.739003178313989317e-01 2.942245094970534214e-01 1.740726223285510854e-01 1.578025503429965060e-01
2.288154812142550176e-01 3.760429059060119150e-01 2.281857058971768215e-01 1.669559069825561903e-01
1.497496398856391631e-01 5.837331546834537699e-01 1.399962094718863737e-01 1.265209959590205824e-01
4.046401719877258385e-01 3.268870931932079116e-01 1.417360648462953066e-01 1.267366699727708323e-01
4.762833498565344770e-01 2.602855791037119726e-01 1.339159741630059908e-01 1.295150968767474486e-01
1.197872416219869784e-01 5.596783804989560185e-01 1.550384290151081146e-01 1.654959488639489995e-01
2.095847415989935958e-01 4.539328908507355709e-01 1.694741402531685925e-01 1.670082272971021853e-01
2.290884009373953534e-01 4.955244878879753179e-01 1.138534221847515293e-01 1.615336889898778550e-01
3.411473612528898025e-01 3.522023394916915517e-01 1.344014800711220980e-01 1.722488191842964922e-01
4.209634030045610875e-01 1.475291356477495264e-01 3.103067820554156198e-01 1.212006792922738913e-01
2.554648631866234809e-01 2.659773687651227347e-01 3.180973198720443151e-01 1.604604481762094415e-01
2.876248336673122852e-01 4.128888587135652322e-01 1.646495117645694617e-01 1.348367958545531320e-01
2.866545836655036150e-01 4.430215271842529168e-01 1.252329168688465499e-01 1.450909722813969738e-01
2.227542496993420440e-01 4.345476479489608357e-01 1.599385386610715221e-01 1.827595636906256815e-01
