4.758867025375366211e-01 1.961493790149688721e-01 6.547129154205322266e-02 2.624926269054412842e-01
4.598711133003234863e-01 1.994549334049224854e-01 6.984293460845947266e-02 2.708310186862945557e-01
4.329581856727600098e-01 1.284384429454803467e-01 1.331517994403839111e-01 3.054515719413757324e-01
4.723024964332580566e-01 1.965573728084564209e-01 6.585505604743957520e-02 2.652850747108459473e-01
4.541798830032348633e-01 1.999760270118713379e-01 7.046017050743103027e-02 2.753839194774627686e-01
4.601991772651672363e-01 1.994234621524810791e-01 6.980711221694946289e-02 2.705702483654022217e-01
4.523291587829589844e-01 2.001352608203887939e-01 7.065895199775695801e-02 2.768766283988952637e-01
4.542716741561889648e-01 1.999680399894714355e-01 7.045027613639831543e-02 2.753100097179412842e-01
4.743474125862121582e-01 1.963268220424652100e-01 6.563645601272583008e-02 2.636893093585968018e-01
4.373709559440612793e-01 1.284412145614624023e-01 1.325316131114959717e-01 3.016562163829803467e-01
4.334879517555236816e-01 1.284398436546325684e-01 1.330781280994415283e-01 3.049940764904022217e-01
4.334763884544372559e-01 1.284398138523101807e-01 1.330797672271728516e-01 3.050040304660797119e-01
4.326754808425903320e-01 2.015089392662048340e-01 7.270586490631103516e-02 2.931097149848937988e-01
4.739128947257995605e-01 1.963762640953063965e-01 6.568300724029541016e-02 2.640278339385986328e-01
4.501034021377563477e-01 2.003200054168701172e-01 7.089665532112121582e-02 2.786799371242523193e-01
4.521993994712829590e-01 2.001462280750274658e-01 7.067281007766723633e-02 2.769815623760223389e-01
4.785771965980529785e-01 1.958313584327697754e-01 6.518119573593139648e-02 2.604102492332458496e-01
4.612689614295959473e-01 1.993197202682495117e-01 6.968998908996582031e-02 2.697213292121887207e-01
4.749026894569396973e-01 1.962631940841674805e-01 6.557694077491760254e-02 2.632571756839752197e-01
4.615718722343444824e-01 1.992900669574737549e-01 6.965675950050354004e-02 2.694813013076782227e-01
4.569268822669982910e-01 1.997304558753967285e-01 7.016339898109436035e-02 2.731792628765106201e-01
4.553258419036865234e-01 1.998749375343322754e-01 7.033661007881164551e-02 2.744626104831695557e-01
4.713113307952880859e-01 1.966670453548431396e-01 6.596061587333679199e-02 2.660610079765319824e-01
4.321076273918151855e-01 1.284354925155639648e-01 1.332696080207824707e-01 3.061872720718383789e-01
4.336323738098144531e-01 1.284401416778564453e-01 1.330580413341522217e-01 3.048694431781768799e-01
4.318162798881530762e-01 1.284343600273132324e-01 1.333097815513610840e-01 3.064395785331726074e-01
4.339789748191833496e-01 1.284408867359161377e-01 1.330097019672393799e-01 3.045704364776611328e-01
4.817100167274475098e-01 1.954484879970550537e-01 6.484127044677734375e-02 2.580002248287200928e-01
4.607091546058654785e-01 1.993742287158966064e-01 6.975129246711730957e-02 2.701653242111206055e-01
4.561512470245361328e-01 1.998008787631988525e-01 7.024741172790527344e-02 2.738004624843597412e-01
4.495964646339416504e-01 2.003611326217651367e-01 7.095059752464294434e-02 2.790918052196502686e-01
4.233846664428710938e-01 1.283618211746215820e-01 1.344438195228576660e-01 3.138096928596496582e-01
4.813061952590942383e-01 1.954986155033111572e-01 6.488522887229919434e-02 2.583099603652954102e-01
4.513895511627197266e-01 2.002141475677490234e-01 7.075944542884826660e-02 2.776368558406829834e-01
4.876154661178588867e-01 1.946902573108673096e-01 6.419450044631958008e-02 2.534997761249542236e-01
4.680255055427551270e-01 1.970206797122955322e-01 6.630888581275939941e-02 2.686449289321899414e-01
4.719415307044982910e-01 1.965974569320678711e-01 6.589356064796447754e-02 2.655674517154693604e-01
4.891085028648376465e-01 1.944910287857055664e-01 6.402975320816040039e-02 2.523707151412963867e-01
4.500668048858642578e-01 2.003230154514312744e-01 7.090055942535400391e-02 2.787096202373504639e-01
4.325218200683593750e-01 1.284369826316833496e-01 1.332123279571533203e-01 3.058288693428039551e-01
4.376883506774902344e-01 1.284406483173370361e-01 1.324864327907562256e-01 3.013845682144165039e-01
4.598811268806457520e-01 1.994540095329284668e-01 6.984183192253112793e-02 2.708230316638946533e-01
4.555592536926269531e-01 1.998540759086608887e-01 7.031142711639404297e-02 2.742752432823181152e-01
4.338957667350769043e-01 1.284407377243041992e-01 1.330213248729705811e-01 3.046421706676483154e-01
4.729292392730712891e-01 1.964873671531677246e-01 6.578814983367919922e-02 2.647952437400817871e-01
4.326007962226867676e-01 1.284372806549072266e-01 1.332013905048370361e-01 3.057605326175689697e-01
4.316924810409545898e-01 1.284338533878326416e-01 1.333268880844116211e-01 3.065467774868011475e-01
4.504820108413696289e-01 2.002891302108764648e-01 7.085630297660827637e-02 2.783725559711456299e-01
4.705018401145935059e-01 1.967555582523345947e-01 6.604665517807006836e-02 2.666959464550018311e-01
4.497461318969726562e-01 2.003489434719085693e-01 7.093471288681030273e-02 2.789702117443084717e-01
4.707638025283813477e-01 1.967270076274871826e-01 6.601884961128234863e-02 2.664903402328491211e-01
4.668150544166564941e-01 1.971470415592193604e-01 6.643649935722351074e-02 2.696014046669006348e-01
4.770102500915527344e-01 1.960178017616271973e-01 6.535035371780395508e-02 2.616215944290161133e-01
4.538460969924926758e-01 2.000051736831665039e-01 7.049608230590820312e-02 2.756526470184326172e-01
4.317680001258850098e-01 1.284342110157012939e-01 1.333164274692535400e-01 3.064813613891601562e-01
4.328031539916992188e-01 1.284378767013549805e-01 1.331733465194702148e-01 3.055856227874755859e-01
4.531787037849426270e-01 2.000628113746643066e-01 7.056781649589538574e-02 2.761906683444976807e-01
4.514473676681518555e-01 2.002093493938446045e-01 7.075330615043640137e-02 2.775899767875671387e-01
4.533398747444152832e-01 2.000489830970764160e-01 7.055050134658813477e-02 2.760606408119201660e-01
4.508333206176757812e-01 2.002602517604827881e-01 7.081884145736694336e-02 2.780875861644744873e-01
4.705737233161926270e-01 1.967477500438690186e-01 6.603902578353881836e-02 2.666395008563995361e-01
4.734541773796081543e-01 1.964282393455505371e-01 6.573206186294555664e-02 2.643855214118957520e-01
4.642152190208435059e-01 1.974115967750549316e-01 6.670928001403808594e-02 2.716639041900634766e-01
4.362444281578063965e-01 1.284424662590026855e-01 1.326913535594940186e-01 3.026217520236968994e-01
4.728308320045471191e-01 1.964983940124511719e-01 6.579867005348205566e-02 2.648721039295196533e-01
4.515299797058105469e-01 2.002024054527282715e-01 7.074445486068725586e-02 2.775231599807739258e-01
4.765458703041076660e-01 1.960723698139190674e-01 6.540039181709289551e-02 2.619813680648803711e-01
4.615228772163391113e-01 1.992948651313781738e-01 6.966212391853332520e-02 2.695201337337493896e-01
4.330542683601379395e-01 1.284387409687042236e-01 1.331384479999542236e-01 3.053685426712036133e-01
4.511479139328002930e-01 2.002342343330383301e-01 7.078528404235839844e-02 2.778325676918029785e-01
4.560257196426391602e-01 1.998122632503509521e-01 7.026094198226928711e-02 2.739010751247406006e-01
4.529604315757751465e-01 2.000814974308013916e-01 7.059127092361450195e-02 2.763668000698089600e-01
4.317740797996520996e-01 1.284341812133789062e-01 1.333156228065490723e-01 3.064761161804199219e-01
4.282599687576293945e-01 1.284129321575164795e-01 1.337951421737670898e-01 3.095319569110870361e-01
4.504535794258117676e-01 2.002914249897003174e-01 7.085937261581420898e-02 2.783956229686737061e-01
4.433068633079528809e-01 1.284131109714508057e-01 1.316736042499542236e-01 2.966064214706420898e-01
4.514619112014770508e-01 2.002080976963043213e-01 7.075172662734985352e-02 2.775782644748687744e-01
4.634481668472290039e-01 1.974877715110778809e-01 6.678941845893859863e-02 2.722746431827545166e-01
4.353304505348205566e-01 1.284424960613250732e-01 1.328202486038208008e-01 3.034068048000335693e-01
4.516387581825256348e-01 2.001933157444000244e-01 7.073286175727844238e-02 2.774350643157958984e-01
4.298444986343383789e-01 1.284241080284118652e-01 1.335801780223846436e-01 3.081512153148651123e-01
4.666707515716552734e-01 1.971619725227355957e-01 6.645169854164123535e-02 2.697155773639678955e-01
4.342946410179138184e-01 1.284414529800415039e-01 1.329655647277832031e-01 3.042983412742614746e-01
4.717664718627929688e-01 1.966168880462646484e-01 6.591215729713439941e-02 2.657044827938079834e-01
4.664201736450195312e-01 1.971879005432128906e-01 6.647801399230957031e-02 2.699139118194580078e-01
4.335238337516784668e-01 1.284399032592773438e-01 1.330731511116027832e-01 3.049631118774414062e-01
4.778925776481628418e-01 1.959132254123687744e-01 6.525519490242004395e-02 2.609390020370483398e-01
4.182084798812866211e-01 1.282798051834106445e-01 1.351108253002166748e-01 3.184008896350860596e-01
4.501465559005737305e-01 2.003165185451507568e-01 7.089206576347351074e-02 2.786448597908020020e-01
4.565042257308959961e-01 1.997689306735992432e-01 7.020920515060424805e-02 2.735176384449005127e-01
4.492889642715454102e-01 2.003858089447021484e-01 7.098329067230224609e-02 2.793419361114501953e-01
4.345353841781616211e-01 1.284417212009429932e-01 1.329318881034851074e-01 3.040910065174102783e-01
4.353343844413757324e-01 1.284424960613250732e-01 1.328197419643402100e-01 3.034033775329589844e-01
4.581785798072814941e-01 1.996148526668548584e-01 7.002747058868408203e-02 2.721790969371795654e-01
4.680220484733581543e-01 1.970210373401641846e-01 6.630921363830566406e-02 2.686477005481719971e-01
4.306515455245971680e-01 1.284287869930267334e-01 1.334699094295501709e-01 3.074497580528259277e-01
4.471831321716308594e-01 2.005512714385986328e-01 7.120636105537414551e-02 2.810592353343963623e-01
4.577473998069763184e-01 1.996548771858215332e-01 7.007431983947753906e-02 2.725234031677246094e-01
4.295247793197631836e-01 1.284220516681671143e-01 1.336236894130706787e-01 3.084294795989990234e-01
4.606988430023193359e-01 1.977539360523223877e-01 6.707543134689331055e-02 2.744717895984649658e-01
4.348619580268859863e-01 1.284421682357788086e-01 1.328860819339752197e-01 3.038097918033599854e-01
4.554492831230163574e-01 1.998639106750488281e-01 7.032331824302673340e-02 2.743634879589080811e-01
4.755731821060180664e-01 1.961857676506042480e-01 6.550496816635131836e-02 2.627360820770263672e-01
4.717235565185546875e-01 1.982194483280181885e-01 6.852966547012329102e-02 2.615273296833038330e-01
4.693712592124938965e-01 1.968776881694793701e-01 6.616654992103576660e-02 2.675845026969909668e-01
4.363490939140319824e-01 1.284423768520355225e-01 1.326766014099121094e-01 3.025319278240203857e-01
4.561361074447631836e-01 1.998022794723510742e-01 7.024905085563659668e-02 2.738125622272491455e-01
4.358780384063720703e-01 1.284425556659698486e-01 1.327431499958038330e-01 3.029362559318542480e-01
4.367689490318298340e-01 1.284420192241668701e-01 1.326171457767486572e-01 3.021718859672546387e-01
4.493687152862548828e-01 2.003794014453887939e-01 7.097482681274414062e-02 2.792770564556121826e-01
4.475482702255249023e-01 2.005230188369750977e-01 7.116776704788208008e-02 2.807609438896179199e-01
4.340698122978210449e-01 1.284410357475280762e-01 1.329969763755798340e-01 3.044921755790710449e-01
4.541603922843933105e-01 1.999777853488922119e-01 7.046228647232055664e-02 2.753995358943939209e-01
4.408326148986816406e-01 1.284292340278625488e-01 1.320345401763916016e-01 2.987036108970642090e-01
4.508308172225952148e-01 2.002604007720947266e-01 7.081913948059082031e-02 2.780896425247192383e-01
4.559738039970397949e-01 1.998168826103210449e-01 7.026660442352294922e-02 2.739427089691162109e-01
4.788743257522583008e-01 1.957956552505493164e-01 6.514900922775268555e-02 2.601810097694396973e-01
4.687989354133605957e-01 1.969387829303741455e-01 6.622716784477233887e-02 2.680351138114929199e-01
4.731603860855102539e-01 1.964613497257232666e-01 6.576350331306457520e-02 2.646147608757019043e-01
4.840444326400756836e-01 1.951544284820556641e-01 6.458652019500732422e-02 2.562146186828613281e-01
4.660770893096923828e-01 1.972231268882751465e-01 6.651407480239868164e-02 2.701857089996337891e-01
4.343333840370178223e-01 1.284415125846862793e-01 1.329601407051086426e-01 3.042649626731872559e-01
4.350455999374389648e-01 1.284423172473907471e-01 1.328603029251098633e-01 3.036517798900604248e-01
4.344801306724548340e-01 1.284416913986206055e-01 1.329396367073059082e-01 3.041385412216186523e-01
4.335569143295288086e-01 1.284399926662445068e-01 1.330685615539550781e-01 3.049345314502716064e-01
4.358247518539428711e-01 1.284425258636474609e-01 1.327506899833679199e-01 3.029820322990417480e-01
4.350178837776184082e-01 1.284422874450683594e-01 1.328642368316650391e-01 3.036755919456481934e-01
4.364520311355590820e-01 1.284423768520355225e-01 1.326619684696197510e-01 3.024436235427856445e-01
4.556446075439453125e-01 1.998464763164520264e-01 7.030218839645385742e-02 2.742067277431488037e-01
4.718945622444152832e-01 1.966027021408081055e-01 6.589853763580322266e-02 2.656041979789733887e-01
4.720976948738098145e-01 1.965801417827606201e-01 6.587690114974975586e-02 2.654452621936798096e-01
4.740051627159118652e-01 1.963657736778259277e-01 6.567311286926269531e-02 2.639559507369995117e-01
4.357384443283081055e-01 1.284426152706146240e-01 1.327627897262573242e-01 3.030561506748199463e-01
4.523426890373229980e-01 2.001340985298156738e-01 7.065749168395996094e-02 2.768657207489013672e-01
4.599221944808959961e-01 1.978271901607513428e-01 6.715586781501770020e-02 2.750947475433349609e-01
4.720544219017028809e-01 1.965849697589874268e-01 6.588149070739746094e-02 2.654791176319122314e-01
4.365585446357727051e-01 1.284422576427459717e-01 1.326469480991363525e-01 3.023522496223449707e-01
4.470077753067016602e-01 2.005647718906402588e-01 7.122486829757690430e-02 2.812025845050811768e-01
4.661813378334045410e-01 1.972124278545379639e-01 6.650313735008239746e-02 2.701030969619750977e-01
4.230524897575378418e-01 1.283574104309082031e-01 1.344873011112213135e-01 3.141027987003326416e-01
4.521766304969787598e-01 2.001481354236602783e-01 7.067528367042541504e-02 2.769999504089355469e-01
4.448285698890686035e-01 2.007283866405487061e-01 7.145419716835021973e-02 2.829888463020324707e-01
4.703307151794433594e-01 1.967741250991821289e-01 6.606486439704895020e-02 2.668302953243255615e-01
4.367476105690002441e-01 1.284420490264892578e-01 1.326201856136322021e-01 3.021901547908782959e-01
4.557303786277770996e-01 1.982073187828063965e-01 6.758713722229003906e-02 2.784751653671264648e-01
4.335750937461853027e-01 1.284400522708892822e-01 1.330660283565521240e-01 3.049188256263732910e-01
4.345507025718688965e-01 1.284417510032653809e-01 1.329297721385955811e-01 3.040777742862701416e-01
4.337075948715209961e-01 1.284403502941131592e-01 1.330475807189941406e-01 3.048044741153717041e-01
4.559789299964904785e-01 1.998164653778076172e-01 7.026603817939758301e-02 2.739385664463043213e-01
4.859570860862731934e-01 1.949079632759094238e-01 6.437689065933227539e-02 2.547580599784851074e-01
4.490305185317993164e-01 2.004064917564392090e-01 7.101073861122131348e-02 2.795522511005401611e-01
4.644408822059631348e-01 1.973889768123626709e-01 6.668567657470703125e-02 2.714844644069671631e-01
4.673141241073608398e-01 1.970952451229095459e-01 6.638389825820922852e-02 2.692067325115203857e-01
4.459788799285888672e-01 2.006429433822631836e-01 7.133331894874572754e-02 2.820448577404022217e-01
4.587432146072387695e-01 1.995619535446166992e-01 6.996601819992065430e-02 2.717288136482238770e-01
4.310525655746459961e-01 1.284308135509490967e-01 1.334148943424224854e-01 3.071017265319824219e-01
4.768954515457153320e-01 1.960313022136688232e-01 6.536272168159484863e-02 2.617105245590209961e-01
4.333182573318481445e-01 1.284394264221191406e-01 1.331017613410949707e-01 3.051405549049377441e-01
4.532710909843444824e-01 2.000549137592315674e-01 7.055789232254028320e-02 2.761161029338836670e-01
4.386553764343261719e-01 1.284382939338684082e-01 1.323482394218444824e-01 3.005580902099609375e-01
4.778132438659667969e-01 1.959226727485656738e-01 6.526371836662292480e-02 2.610003650188446045e-01
4.376114010810852051e-01 1.284408271312713623e-01 1.324973702430725098e-01 3.014504015445709229e-01
4.600594639778137207e-01 1.994368731975555420e-01 6.982237100601196289e-02 2.706812918186187744e-01
4.640045762062072754e-01 1.974326074123382568e-01 6.673130393028259277e-02 2.718315124511718750e-01
4.697394371032714844e-01 1.968380510807037354e-01 6.612756848335266113e-02 2.672949433326721191e-01
4.697524309158325195e-01 1.968366503715515137e-01 6.612619757652282715e-02 2.672847211360931396e-01
4.358552694320678711e-01 1.284425556659698486e-01 1.327463388442993164e-01 3.029558360576629639e-01
4.334341287612915039e-01 1.284396648406982422e-01 1.330856680870056152e-01 3.050405383110046387e-01
4.373611807823181152e-01 1.284413039684295654e-01 1.325329840183258057e-01 3.016645312309265137e-01
4.430475234985351562e-01 1.284150481224060059e-01 1.317116916179656982e-01 2.968257367610931396e-01
4.512466192245483398e-01 2.002260684967041016e-01 7.077473402023315430e-02 2.777525782585144043e-01
4.555380940437316895e-01 1.998560130596160889e-01 7.031369209289550781e-02 2.742922008037567139e-01
4.593116641044616699e-01 1.995082795619964600e-01 6.990399956703186035e-02 2.712760567665100098e-01
4.711782336235046387e-01 1.966816186904907227e-01 6.597480177879333496e-02 2.661653459072113037e-01
4.628814458847045898e-01 1.975435614585876465e-01 6.684851646423339844e-02 2.727264761924743652e-01
4.377124905586242676e-01 1.284406483173370361e-01 1.324829161167144775e-01 3.013639450073242188e-01
4.526637196540832520e-01 2.001068294048309326e-01 7.062309980392456055e-02 2.766063511371612549e-01
4.359428882598876953e-01 1.284424960613250732e-01 1.327340006828308105e-01 3.028806149959564209e-01
4.746952056884765625e-01 1.962870061397552490e-01 6.559917330741882324e-02 2.634186148643493652e-01
4.478301405906677246e-01 2.005011141300201416e-01 7.113796472549438477e-02 2.805307805538177490e-01
4.656296968460083008e-01 1.972689032554626465e-01 6.656104326248168945e-02 2.705403566360473633e-01
4.312862753868103027e-01 1.284320354461669922e-01 1.333827674388885498e-01 3.068989217281341553e-01
4.502620697021484375e-01 2.003071308135986328e-01 7.087975740432739258e-02 2.785510420799255371e-01
4.516971111297607422e-01 2.001884579658508301e-01 7.072660326957702637e-02 2.773878276348114014e-01
4.347912073135375977e-01 1.284420788288116455e-01 1.328960061073303223e-01 3.038707077503204346e-01
4.321730136871337891e-01 1.284357309341430664e-01 1.332605779170989990e-01 3.061306774616241455e-01
4.343437552452087402e-01 1.284415125846862793e-01 1.329587101936340332e-01 3.042560219764709473e-01
4.574512839317321777e-01 1.996822655200958252e-01 7.010650634765625000e-02 2.727599442005157471e-01
4.708904027938842773e-01 1.967131793498992920e-01 6.600537896156311035e-02 2.663910388946533203e-01
4.765894412994384766e-01 1.960672736167907715e-01 6.539568305015563965e-02 2.619476020336151123e-01
4.634870290756225586e-01 1.974838972091674805e-01 6.678536534309387207e-02 2.722437083721160889e-01
4.535756111145019531e-01 2.000286281108856201e-01 7.052516937255859375e-02 2.758705914020538330e-01
4.459951519966125488e-01 2.006416618824005127e-01 7.133162021636962891e-02 2.820315659046173096e-01
4.666814208030700684e-01 1.971609592437744141e-01 6.645053625106811523e-02 2.697070837020874023e-01
4.192909002304077148e-01 1.282992959022521973e-01 1.349731981754302979e-01 3.174366056919097900e-01
4.314363598823547363e-01 1.284326910972595215e-01 1.333621442317962646e-01 3.067688047885894775e-01
4.713252782821655273e-01 1.966654658317565918e-01 6.595915555953979492e-02 2.660501003265380859e-01
4.613394737243652344e-01 1.993128657341003418e-01 6.968224048614501953e-02 2.696654200553894043e-01
4.512516260147094727e-01 2.002256214618682861e-01 7.077419757843017578e-02 2.777485549449920654e-01
