7.020403444766998291e-01 7.423684000968933105e-02 5.066990852355957031e-04 2.232161164283752441e-01
7.932091504335403442e-01 5.684797465801239014e-02 9.081959724426269531e-04 1.490346789360046387e-01
8.547321707010269165e-01 2.248921990394592285e-02 1.886162161827087402e-02 1.039169877767562866e-01
7.985610812902450562e-01 5.519808828830718994e-02 3.641992807388305664e-04 1.458766311407089233e-01
7.773074805736541748e-01 6.032462418079376221e-02 9.691566228866577148e-04 1.613987386226654053e-01
7.792007625102996826e-01 5.991789698600769043e-02 9.619742631912231445e-04 1.599193662405014038e-01
6.299177706241607666e-01 8.564040064811706543e-02 1.451641321182250977e-03 2.829901874065399170e-01
8.034787029027938843e-01 5.453020334243774414e-02 8.679926395416259766e-04 1.411231011152267456e-01
7.000907063484191895e-01 7.456667721271514893e-02 5.093067884445190430e-04 2.248333096504211426e-01
5.516712367534637451e-01 4.739907383918762207e-02 4.421615600585937500e-02 3.567135334014892578e-01
9.759630579501390457e-01 4.157708957791328430e-03 3.351746127009391785e-03 1.652748696506023407e-02
9.845036212354898453e-01 2.699800767004489899e-03 2.170518971979618073e-03 1.062605902552604675e-02
9.580916650593280792e-01 1.316343434154987335e-02 1.987610012292861938e-04 2.854613959789276123e-02
9.040469080209732056e-01 2.872633188962936401e-02 1.828819513320922852e-04 6.704387813806533813e-02
8.946536108851432800e-01 3.155468404293060303e-02 4.867315292358398438e-04 7.330497354269027710e-02
6.529622972011566162e-01 8.254680037498474121e-02 1.387268304824829102e-03 2.631036341190338135e-01
7.103216350078582764e-01 7.281091809272766113e-02 4.954785108566284180e-04 2.163719683885574341e-01
5.931445360183715820e-01 8.986780047416687012e-02 1.544505357742309570e-03 3.154431581497192383e-01
7.206506133079528809e-01 7.097631692886352539e-02 4.812479019165039062e-04 2.078918218612670898e-01
8.056238144636154175e-01 5.403895676136016846e-02 8.595287799835205078e-04 1.394776999950408936e-01
9.666230082511901855e-01 1.054758578538894653e-02 1.588128507137298584e-04 2.267059311270713806e-02
6.544646918773651123e-01 8.233350515365600586e-02 1.382887363433837891e-03 2.618189156055450439e-01
6.837078928947448730e-01 7.724915444850921631e-02 5.307495594024658203e-04 2.385122030973434448e-01
5.564017593860626221e-01 4.725822806358337402e-02 4.400765895843505859e-02 3.523323535919189453e-01
5.745202898979187012e-01 4.664221405982971191e-02 4.314503073692321777e-02 3.356924653053283691e-01
9.929128149524331093e-01 1.243435777723789215e-03 9.969896636903285980e-04 4.846759606152772903e-03
5.587349534034729004e-01 4.718571901321411133e-02 4.390230774879455566e-02 3.501770198345184326e-01
9.820198956876993179e-01 5.699948407709598541e-03 3.536883741617202759e-05 1.224478706717491150e-02
6.356950700283050537e-01 8.489650487899780273e-02 1.435905694961547852e-03 2.779725193977355957e-01
6.265340149402618408e-01 8.606615662574768066e-02 1.460701227188110352e-03 2.859391272068023682e-01
6.115602850914001465e-01 8.786141872406005859e-02 1.499563455581665039e-03 2.990787327289581299e-01
2.331576347351074219e-01 3.649234771728515625e-02 3.859543800354003906e-02 6.917545795440673828e-01
7.641796320676803589e-01 6.257535517215728760e-02 4.178136587142944336e-04 1.728271991014480591e-01
7.206249237060546875e-01 7.157440483570098877e-02 1.173436641693115234e-03 2.066272348165512085e-01
8.076844662427902222e-01 5.313383042812347412e-02 3.494769334793090820e-04 1.388322263956069946e-01
6.184036433696746826e-01 8.631023764610290527e-02 6.072521209716796875e-04 2.946788668632507324e-01
6.975594758987426758e-01 7.499153912067413330e-02 5.126744508743286133e-04 2.269363105297088623e-01
9.923154618591070175e-01 2.453493885695934296e-03 1.517310738563537598e-05 5.215871147811412811e-03
6.204483211040496826e-01 8.681339025497436523e-02 1.476734876632690430e-03 2.912615537643432617e-01
5.950312018394470215e-01 4.579946398735046387e-02 4.204860329627990723e-02 3.171207308769226074e-01
3.791467547416687012e-01 4.665416479110717773e-02 4.649251699447631836e-02 5.277065634727478027e-01
7.766931354999542236e-01 6.045617163181304932e-02 9.714663028717041016e-04 1.618792265653610229e-01
6.180645823478698730e-01 8.709952235221862793e-02 1.482903957366943359e-03 2.933529913425445557e-01
5.636169016361236572e-01 4.702749848365783691e-02 4.367628693580627441e-02 3.456793129444122314e-01
8.792101591825485229e-01 3.546012192964553833e-02 2.276301383972167969e-04 8.510208874940872192e-02
5.191170871257781982e-01 4.814103245735168457e-02 4.545646905899047852e-02 3.872854113578796387e-01
2.157101035118103027e-01 3.465312719345092773e-02 3.692078590393066406e-02 7.127159833908081055e-01
6.136712431907653809e-01 8.761718869209289551e-02 1.494199037551879883e-03 2.972173690795898438e-01
9.585465304553508759e-01 1.292516663670539856e-02 8.082017302513122559e-05 2.844748273491859436e-02
6.506623625755310059e-01 8.287063241004943848e-02 1.393884420394897461e-03 2.650731205940246582e-01
7.158015966415405273e-01 7.184530794620513916e-02 4.879683256149291992e-04 2.118651270866394043e-01
5.365433394908905029e-01 9.375655651092529297e-02 6.801784038543701172e-04 3.690199255943298340e-01
9.891016148030757904e-01 3.471921663731336594e-03 2.149399369955062866e-05 7.404969539493322372e-03
6.406294703483581543e-01 8.424428105354309082e-02 1.422256231307983398e-03 2.737039923667907715e-01
3.105171322822570801e-01 4.301810264587402344e-02 4.406571388244628906e-02 6.023990511894226074e-01
3.277614116668701172e-01 4.411858320236206055e-02 4.487824440002441406e-02 5.832417607307434082e-01
6.540717482566833496e-01 8.238941431045532227e-02 1.384049654006958008e-03 2.621547877788543701e-01
6.561308503150939941e-01 8.209529519081115723e-02 1.378029584884643555e-03 2.603958249092102051e-01
6.169665753841400146e-01 8.723008632659912109e-02 1.485764980316162109e-03 2.943175733089447021e-01
9.728957824409008026e-01 8.603245019912719727e-03 1.292657107114791870e-04 1.837170682847499847e-02
6.552571058273315430e-01 8.152264356613159180e-02 5.658864974975585938e-04 2.626543641090393066e-01
6.576249003410339355e-01 8.118587732315063477e-02 5.630850791931152344e-04 2.606261372566223145e-01
6.703559160232543945e-01 7.931619882583618164e-02 5.475729703903198242e-04 2.497803121805191040e-01
7.573114335536956787e-01 3.388674557209014893e-02 2.937376499176025391e-02 1.794280558824539185e-01
6.931069791316986084e-01 7.572969794273376465e-02 5.185604095458984375e-04 2.306447625160217285e-01
9.637880660593509674e-01 1.142048835754394531e-02 1.721177250146865845e-04 2.461932785809040070e-02
9.520016126334667206e-01 1.489539816975593567e-02 9.333714842796325684e-05 3.300965204834938049e-02
6.612036824226379395e-01 8.135938644409179688e-02 1.363098621368408203e-03 2.560738325119018555e-01
5.591803789138793945e-01 4.717162251472473145e-02 4.388198256492614746e-02 3.497660160064697266e-01
6.972610950469970703e-01 7.567404210567474365e-02 1.251175999641418457e-03 2.258136868476867676e-01
8.291629552841186523e-01 4.848860949277877808e-02 7.649585604667663574e-04 1.215834766626358032e-01
6.293504238128662109e-01 8.571231365203857422e-02 1.453131437301635742e-03 2.834841310977935791e-01
3.588343858718872070e-01 4.578375816345214844e-02 4.599463939666748047e-02 5.493872165679931641e-01
8.404738157987594604e-01 2.434746921062469482e-02 2.051758766174316406e-02 1.146611273288726807e-01
6.482005119323730469e-01 8.321356773376464844e-02 1.400917768478393555e-03 2.671850025653839111e-01
8.029422312974929810e-01 2.892981469631195068e-02 2.468919754028320312e-02 1.434387564659118652e-01
8.000774830579757690e-01 5.530409514904022217e-02 8.813738822937011719e-04 1.437370479106903076e-01
6.691952049732208252e-01 7.949078083038330078e-02 5.490183830261230469e-04 2.507649958133697510e-01
6.084040105342864990e-01 4.516759514808654785e-02 4.126727581024169922e-02 3.051611185073852539e-01
6.106747984886169434e-01 8.796304464340209961e-02 1.501739025115966797e-03 2.998604178428649902e-01
9.924145573750138283e-01 1.330303493887186050e-03 1.066809520125389099e-03 5.188329610973596573e-03
7.007804512977600098e-01 7.445026934146881104e-02 5.083829164505004883e-04 2.242608964443206787e-01
5.659679472446441650e-01 4.694810509681701660e-02 4.356482625007629395e-02 3.435191214084625244e-01
6.831226050853729248e-01 7.734200358390808105e-02 5.314499139785766602e-04 2.390039414167404175e-01
7.243520915508270264e-01 7.030382752418518066e-02 4.760622978210449219e-04 2.048680186271667480e-01
9.815110377967357635e-01 3.213087096810340881e-03 2.585642971098423004e-03 1.269023213535547256e-02
9.613790214061737061e-01 1.206646487116813660e-02 7.538311183452606201e-05 2.647913061082363129e-02
8.955939635634422302e-01 1.681160181760787964e-02 1.391054689884185791e-02 7.368388772010803223e-02
9.458475001156330109e-01 1.685963571071624756e-02 2.556107938289642334e-04 3.703725337982177734e-02
6.919239759445190430e-01 7.656519114971160889e-02 1.268386840820312500e-03 2.302424460649490356e-01
6.167168021202087402e-01 8.725962042808532715e-02 1.486420631408691406e-03 2.945371568202972412e-01
5.468023419380187988e-01 4.753535985946655273e-02 4.442334175109863281e-02 3.612389564514160156e-01
5.640666484832763672e-01 4.701247811317443848e-02 4.365509748458862305e-02 3.452657759189605713e-01
9.626219831407070160e-01 1.177848130464553833e-02 1.775790005922317505e-04 2.542195655405521393e-02
6.399550437927246094e-01 8.361464738845825195e-02 5.836486816406250000e-04 2.758466601371765137e-01
9.819058664143085480e-01 3.145518712699413300e-03 2.530948258936405182e-03 1.241766661405563354e-02
6.083816289901733398e-01 8.822372555732727051e-02 1.507520675659179688e-03 3.018871247768402100e-01
9.878338873386383057e-01 3.901966847479343414e-03 5.833897739648818970e-05 8.205806836485862732e-03
9.623055756092071533e-01 6.444420665502548218e-03 5.217991769313812256e-03 2.603201195597648621e-02
6.248848736286163330e-01 8.553075790405273438e-02 6.003379821777343750e-04 2.889840304851531982e-01
5.333345532417297363e-01 4.786601662635803223e-02 4.495707154273986816e-02 3.738423585891723633e-01
6.230978071689605713e-01 8.649104833602905273e-02 1.469761133193969727e-03 2.889413833618164062e-01
7.079227566719055176e-01 7.322810590267181396e-02 4.987716674804687500e-04 2.183503657579421997e-01
8.454862087965011597e-01 4.447046667337417603e-02 6.975978612899780273e-04 1.093457266688346863e-01
4.301529526710510254e-01 9.628286957740783691e-02 7.278621196746826172e-04 4.728363156318664551e-01
9.507674202322959900e-01 8.333202451467514038e-03 6.772443652153015137e-03 3.412693366408348083e-02
9.641394913196563721e-01 1.131248101592063904e-02 1.704674214124679565e-04 2.437756024301052094e-02
5.474800765514373779e-01 4.751691222190856934e-02 4.439499974250793457e-02 3.606080114841461182e-01
5.294407010078430176e-01 4.794892668724060059e-02 4.510048031806945801e-02 3.775098919868469238e-01
6.201001405715942383e-01 8.685541152954101562e-02 1.477628946304321289e-03 2.915668189525604248e-01
5.965325832366943359e-01 8.951559662818908691e-02 1.536458730697631836e-03 3.124153614044189453e-01
2.827312350273132324e-01 4.097604751586914062e-02 4.245364665985107422e-02 6.338390707969665527e-01
6.388179957866668701e-01 8.448550105094909668e-02 1.427292823791503906e-03 2.752692103385925293e-01
5.973489284515380859e-01 4.569455981254577637e-02 4.191690683364868164e-02 3.150396049022674561e-01
6.071385443210601807e-01 8.836361765861511230e-02 1.510649919509887695e-03 3.029871881008148193e-01
6.999583840370178223e-01 7.521720230579376221e-02 1.242429018020629883e-03 2.235819846391677856e-01
9.914123434573411942e-01 2.740138676017522812e-03 1.695146784186363220e-05 5.830566398799419403e-03
6.416873335838317871e-01 8.338519930839538574e-02 5.817115306854248047e-04 2.743457555770874023e-01
8.863928765058517456e-01 3.354351222515106201e-02 2.148225903511047363e-04 7.984878867864608765e-02
9.934803927317261696e-01 2.083220984786748886e-03 1.287879422307014465e-05 4.423507489264011383e-03
7.036358118057250977e-01 7.396523654460906982e-02 5.045682191848754883e-04 2.218943834304809570e-01
5.300606191158294678e-01 4.793602228164672852e-02 4.507803916931152344e-02 3.769253194332122803e-01
3.455607891082763672e-01 4.512208700180053711e-02 4.557126760482788086e-02 5.637458562850952148e-01
6.371482312679290771e-01 4.359194636344909668e-02 3.941667079925537109e-02 2.798431515693664551e-01
5.370912551879882812e-01 4.778057336807250977e-02 4.481413960456848145e-02 3.703140318393707275e-01
5.744928121566772461e-01 4.664325714111328125e-02 4.314643144607543945e-02 3.357174992561340332e-01
9.920838382095098495e-01 1.387922093272209167e-03 1.113133504986763000e-03 5.415106192231178284e-03
5.678127408027648926e-01 4.688441753387451172e-02 4.347613453865051270e-02 3.418267071247100830e-01
6.126551628112792969e-01 8.773511648178100586e-02 1.496762037277221680e-03 2.981129586696624756e-01
6.971003711223602295e-01 7.506819069385528564e-02 5.133152008056640625e-04 2.273181229829788208e-01
8.348156064748764038e-01 4.673717916011810303e-02 3.045648336410522461e-04 1.181426495313644409e-01
7.460689842700958252e-01 6.620046496391296387e-02 4.448592662811279297e-04 1.872856914997100830e-01
4.931606650352478027e-01 4.844495654106140137e-02 4.619303345680236816e-02 4.122013449668884277e-01
6.609003841876983643e-01 8.140382170677185059e-02 1.364022493362426758e-03 2.563317716121673584e-01
6.854247748851776123e-01 7.697550952434539795e-02 5.285441875457763672e-04 2.370711714029312134e-01
9.417027942836284637e-01 1.795600354671478271e-02 1.128986477851867676e-04 4.022830352187156677e-02
9.898888971656560898e-01 1.769520342350006104e-03 1.420172397047281265e-03 6.921410094946622849e-03
6.331793069839477539e-01 8.522307872772216797e-02 1.442790031433105469e-03 2.801548242568969727e-01
9.425258226692676544e-01 1.771321147680282593e-02 1.113414764404296875e-04 3.964962437748908997e-02
7.513970881700515747e-01 3.447906672954559326e-02 2.994818985462188721e-02 1.841756552457809448e-01
7.090508341789245605e-01 7.364545762538909912e-02 1.212447881698608398e-03 2.160912603139877319e-01
2.052215337753295898e-01 7.099580764770507812e-02 1.430273056030273438e-03 7.223523855209350586e-01
7.032884359359741211e-01 7.402452826499938965e-02 5.050301551818847656e-04 2.221820056438446045e-01
5.980806350708007812e-01 4.566103219985961914e-02 4.187500476837158203e-02 3.143833279609680176e-01
9.636366367340087891e-02 3.936511278152465820e-02 3.428459167480468750e-04 8.639283776283264160e-01
5.508814156055450439e-01 4.742178320884704590e-02 4.425027966499328613e-02 3.574465215206146240e-01
9.612025879323482513e-01 6.626695394515991211e-03 5.367472767829895020e-03 2.680324390530586243e-02
5.594330430030822754e-01 4.716360569000244141e-02 4.387044906616210938e-02 3.495329022407531738e-01
6.181469261646270752e-01 8.708965778350830078e-02 1.482695341110229492e-03 2.932807207107543945e-01
9.916389612480998039e-01 2.668244764208793640e-03 1.650629565119743347e-05 5.676287692040205002e-03
6.070847511291503906e-01 8.836963772773742676e-02 1.510769128799438477e-03 3.030348420143127441e-01
6.959011852741241455e-01 7.526785135269165039e-02 5.148798227310180664e-04 2.283160835504531860e-01
9.752046596258878708e-01 7.823137566447257996e-03 4.865415394306182861e-05 1.692354865372180939e-02
6.777467131614685059e-01 7.884915173053741455e-02 1.313030719757080078e-03 2.420911043882369995e-01
6.179531216621398926e-01 8.711278438568115234e-02 1.483201980590820312e-03 2.934508919715881348e-01
3.305987715721130371e-01 4.428756237030029297e-02 4.499846696853637695e-02 5.801151990890502930e-01
7.332501113414764404e-01 6.865504384040832520e-02 4.634410142898559570e-04 1.976314038038253784e-01
4.977855682373046875e-01 4.840967059135437012e-02 4.607871174812316895e-02 4.077260494232177734e-01
6.248562335968017578e-01 8.627459406852722168e-02 1.465141773223876953e-03 2.874040305614471436e-01
5.976320207118988037e-01 4.568159580230712891e-02 4.190075397491455078e-02 3.147856295108795166e-01
7.611298859119415283e-01 6.319858133792877197e-02 4.224479198455810547e-04 1.752490848302841187e-01
9.727945439517498016e-01 4.693130031228065491e-03 3.787212073802947998e-03 1.872511394321918488e-02
9.129287600517272949e-01 2.645158395171165466e-02 4.055015742778778076e-04 6.021415442228317261e-02
6.936697363853454590e-01 7.563707232475280762e-02 5.178153514862060547e-04 2.301753759384155273e-01
6.950114071369171143e-01 7.541543245315551758e-02 5.160272121429443359e-04 2.290571331977844238e-01
6.971162557601928711e-01 7.506556808948516846e-02 5.132555961608886719e-04 2.273049205541610718e-01
5.675978064537048340e-01 4.689186811447143555e-02 4.348653554916381836e-02 3.420237898826599121e-01
9.418907091021537781e-01 9.759292006492614746e-03 7.954210042953491211e-03 4.039578884840011597e-02
2.150117754936218262e-01 3.457665443420410156e-02 3.685015439987182617e-02 7.135614156723022461e-01
7.010074555873870850e-01 3.905004262924194336e-02 3.451834619045257568e-02 2.254241555929183960e-01
9.917474724352359772e-01 2.653896808624267578e-03 3.962684422731399536e-05 5.559003911912441254e-03
8.995259702205657959e-01 3.020988404750823975e-02 4.652142524719238281e-04 6.979893147945404053e-02
6.862906515598297119e-01 7.748724520206451416e-02 1.286312937736511230e-03 2.349357903003692627e-01
7.188984751701354980e-01 7.129190862178802490e-02 4.836618900299072266e-04 2.093259543180465698e-01
6.073609590530395508e-01 8.757576346397399902e-02 6.186664104461669922e-04 3.044446110725402832e-01
5.575110614299774170e-01 4.722404479980468750e-02 4.395779967308044434e-02 3.513070940971374512e-01
6.211940646171569824e-01 8.672308921813964844e-02 1.474797725677490234e-03 2.906080484390258789e-01
5.594876408576965332e-01 4.716187715530395508e-02 4.386794567108154297e-02 3.494825363159179688e-01
6.922781765460968018e-01 7.586580514907836914e-02 5.196630954742431641e-04 2.313363552093505859e-01
6.842308342456817627e-01 7.781961560249328613e-02 1.292794942855834961e-03 2.366567552089691162e-01
6.812574267387390137e-01 7.763658463954925537e-02 5.338490009307861328e-04 2.405721396207809448e-01
4.226075410842895508e-01 4.794877767562866211e-02 4.697486758232116699e-02 4.824688136577606201e-01
6.221781969070434570e-01 8.660340309143066406e-02 1.472204923629760742e-03 2.897461950778961182e-01
6.192009150981903076e-01 8.696356415748596191e-02 1.479983329772949219e-03 2.923555374145507812e-01
5.184839367866516113e-01 4.815146327018737793e-02 4.547721147537231445e-02 3.878873884677886963e-01
8.618852496147155762e-01 2.153285592794418335e-02 1.801665872335433960e-02 9.856523573398590088e-02
5.110978782176971436e-01 4.826235771179199219e-02 4.570853710174560547e-02 3.949312269687652588e-01
5.371277332305908203e-01 9.455791115760803223e-02 1.660317182540893555e-03 3.666540384292602539e-01
4.876989722251892090e-01 9.597036242485046387e-02 7.094442844390869141e-04 4.156212210655212402e-01
9.750123396515846252e-01 7.882753387093544006e-03 4.902482032775878906e-05 1.705588214099407196e-02
6.952301561832427979e-01 7.537920773029327393e-02 5.157291889190673828e-04 2.288749068975448608e-01
5.440780520439147949e-01 9.409448504447937012e-02 1.647770404815673828e-03 3.601796925067901611e-01
4.663011431694030762e-01 9.727042913436889648e-02 1.756072044372558594e-03 4.346723556518554688e-01
6.952440440654754639e-01 7.537686824798583984e-02 5.157440900802612305e-04 2.288633435964584351e-01
9.837198201566934586e-01 2.834491431713104248e-03 2.279373817145824432e-03 1.116631459444761276e-02
5.576950013637542725e-01 4.721832275390625000e-02 4.394951462745666504e-02 3.511371612548828125e-01
7.395310699939727783e-01 6.746402382850646973e-02 4.543513059616088867e-04 1.925505548715591431e-01
8.008854985237121582e-01 5.512081086635589600e-02 8.781999349594116211e-04 1.431154906749725342e-01
6.393523514270782471e-01 8.441457152366638184e-02 1.425832509994506836e-03 2.748072445392608643e-01
